1491908024073 0 0 
1491908024120 1 2 
1491908024125 0 0 
1491908024157 0 0 
1491908024179 0 0 
1491908024221 0 0 
1491908024237 0 0 
1491908024260 0 0 
1491908024281 0 0 
1491908024296 0 0 
1491908024319 0 0 
1491908024340 0 0 
1491908024356 0 0 
1491908024379 0 0 
1491908024400 0 0 
1491908024416 0 0 
1491908024439 0 0 
1491908024460 0 0 
1491908024481 0 0 
1491908024497 0 0 
1491908024519 0 0 
1491908024540 0 0 
1491908024556 0 0 
1491908024579 0 0 
1491908024600 0 0 
1491908024605 0 0 
1491908024637 0 0 
1491908024660 0 0 
1491908024681 0 0 
1491908024697 0 0 
1491908024719 0 0 
1491908024740 0 0 
1491908024760 0 0 
1491908024781 0 0 
1491908024797 0 0 
1491908024819 0 0 
1491908024840 0 0 
1491908024856 0 0 
1491908024879 0 0 
1491908024900 0 0 
1491908024921 0 0 
1491908024937 0 0 
1491908024959 0 0 
1491908024980 0 0 
1491908024996 0 0 
1491908025019 0 0 
1491908025040 0 0 
1491908025061 0 0 
STRAIGHT: 3.00000
1491908025077 0 0 
1491908025100 0 0 
1491908025121 0 0 
1491908025137 0 0 
1491908025159 0 0 
1491908025180 0 0 
1491908025201 0 0 
1491908025206 0 0 
1491908025238 0 0 
1491908025260 3 3 
1491908025280 8 8 
1491908025296 4 6 
1491908025319 5 4 
1491908025340 6 6 
1491908025361 7 9 
1491908025377 9 8 
1491908025399 9 10 
1491908025420 11 12 
1491908025436 13 12 
1491908025459 14 14 
1491908025480 16 14 
1491908025501 17 17 
1491908025517 16 17 
1491908025539 18 19 
1491908025560 19 19 
1491908025565 21 21 
1491908025597 21 22 
1491908025640 44 43 
1491908025661 24 24 
1491908025677 23 25 
1491908025700 28 27 
1491908025721 26 27 
1491908025737 28 29 
1491908025759 30 28 
1491908025780 31 31 
1491908025801 30 33 
1491908025817 32 32 
1491908025839 35 33 
1491908025860 34 35 
1491908025876 36 37 
1491908025899 37 38 
1491908025920 38 38 
1491908025941 39 40 
1491908025957 41 41 
1491908025979 39 42 
1491908026000 43 42 
1491908026016 43 43 
1491908026039 45 45 
1491908026060 45 46 
1491908026081 47 48 
1491908026097 47 46 
1491908026120 47 47 
1491908026141 45 47 
1491908026157 47 47 
1491908026179 46 47 
1491908026200 48 47 
1491908026221 48 48 
1491908026237 47 47 
1491908026260 45 47 
1491908026280 48 46 
1491908026296 49 46 
1491908026319 47 48 
1491908026340 47 49 
1491908026356 47 48 
1491908026379 48 48 
1491908026400 46 47 
1491908026406 48 48 
1491908026437 44 48 
1491908026459 47 46 
1491908026480 48 46 
1491908026496 46 47 
1491908026519 47 50 
1491908026540 47 48 
1491908026561 49 44 
1491908026577 49 47 
1491908026599 48 48 
1491908026620 47 51 
1491908026641 46 46 
1491908026646 48 45 
1491908026678 45 47 
1491908026700 48 48 
1491908026721 48 48 
1491908026736 49 48 
1491908026759 49 49 
1491908026780 48 48 
1491908026801 50 49 
1491908026817 49 48 
1491908026839 48 49 
1491908026860 48 49 
1491908026876 48 47 
1491908026899 48 49 
1491908026920 49 48 
1491908026936 47 48 
1491908026959 48 47 
1491908027001 98 97 
1491908027017 48 49 
1491908027039 48 48 
1491908027060 49 47 
1491908027081 49 48 
1491908027097 50 50 
1491908027120 48 51 
1491908027141 48 49 
1491908027157 50 47 
1491908027179 48 48 
1491908027200 46 48 
1491908027221 46 47 
1491908027242 51 49 
1491908027258 52 51 
1491908027279 50 50 
1491908027300 49 49 
1491908027316 49 47 
1491908027339 50 49 
1491908027360 49 50 
1491908027381 49 51 
1491908027397 48 48 
1491908027419 49 48 
1491908027440 50 49 
1491908027456 48 50 
1491908027479 48 50 
1491908027500 50 48 
1491908027521 49 49 
1491908027580 147 148 
1491908027601 49 48 
1491908027617 50 50 
1491908027639 49 49 
1491908027660 49 50 
1491908027681 50 49 
1491908027697 50 50 
1491908027720 51 50 
1491908027741 50 50 
1491908027757 49 49 
1491908027780 50 49 
1491908027800 50 50 
1491908027821 49 51 
1491908027837 49 49 
1491908027859 50 50 
1491908027880 50 49 
1491908027896 49 49 
1491908027919 50 51 
1491908027940 50 50 
1491908027961 50 50 
1491908027977 50 48 
1491908027999 50 51 
1491908028025 99 100 
1491908028057 50 49 
1491908028079 50 49 
1491908028121 101 102 
1491908028137 50 51 
1491908028160 51 50 
1491908028181 50 50 
1491908028197 50 50 
1491908028219 51 51 
1491908028240 50 50 
1491908028261 50 51 
1491908028277 50 50 
1491908028299 50 50 
1491908028320 50 49 
1491908028336 50 50 
1491908028359 50 50 
1491908028380 51 52 
1491908028401 52 50 
1491908028417 49 50 
1491908028439 47 49 
1491908028460 48 50 
1491908028481 51 50 
1491908028497 52 51 
1491908028519 54 52 
1491908028540 52 51 
1491908028561 49 50 
1491908028577 48 47 
1491908028600 48 49 
1491908028621 50 49 
1491908028637 51 50 
1491908028660 52 51 
1491908028681 51 52 
1491908028697 51 51 
1491908028720 50 51 
1491908028740 51 51 
1491908028756 51 50 
1491908028779 51 52 
1491908028800 52 50 
1491908028816 51 52 
1491908028839 53 52 
1491908028860 50 51 
1491908028866 51 51 
1491908028897 50 50 
1491908028919 51 51 
1491908028940 50 51 
1491908028961 51 52 
1491908028977 51 51 
1491908029000 52 50 
1491908029021 50 51 
1491908029037 52 51 
1491908029059 47 49 
1491908029080 46 44 
1491908029101 49 47 
1491908029122 51 51 
1491908029138 54 55 
1491908029160 53 54 
1491908029181 53 50 
1491908029197 53 52 
1491908029219 52 54 
1491908029240 53 54 
1491908029261 53 52 
1491908029277 53 50 
1491908029299 52 52 
1491908029320 53 52 
1491908029336 52 52 
1491908029359 53 52 
1491908029380 51 51 
1491908029396 52 52 
1491908029419 54 53 
1491908029440 53 52 
1491908029461 50 51 
1491908029477 48 51 
1491908029499 48 49 
1491908029520 50 50 
1491908029541 52 50 
1491908029557 52 53 
1491908029580 52 52 
1491908029601 51 51 
1491908029617 51 51 
1491908029640 51 53 
1491908029661 53 53 
1491908029677 52 52 
1491908029699 54 52 
1491908029720 52 52 
1491908029736 52 53 
1491908029759 50 53 
1491908029780 51 51 
1491908029796 51 52 
1491908029819 52 52 
1491908029840 52 53 
1491908029861 52 51 
1491908029877 52 50 
1491908029899 52 52 
1491908029920 52 52 
1491908029925 52 54 
1491908029957 52 53 
1491908029979 54 52 
1491908030000 53 52 
1491908030021 52 52 
1491908030037 52 53 
1491908030060 53 53 
1491908030081 52 52 
1491908030097 52 52 
1491908030120 51 53 
1491908030141 53 53 
1491908030157 52 53 
1491908030180 52 52 
1491908030200 53 53 
1491908030216 52 51 
1491908030239 53 53 
1491908030260 52 53 
1491908030281 53 53 
1491908030297 52 52 
1491908030319 53 51 
1491908030340 53 52 
1491908030346 52 53 
1491908030377 52 53 
1491908030399 53 53 
1491908030420 53 52 
1491908030441 51 50 
1491908030457 51 53 
1491908030480 52 53 
1491908030501 52 52 
1491908030517 53 51 
1491908030540 51 52 
1491908030561 53 53 
1491908030577 53 52 
1491908030600 52 53 
1491908030621 53 54 
1491908030637 52 52 
1491908030659 52 52 
1491908030680 53 53 
1491908030696 52 53 
1491908030719 54 54 
1491908030740 52 53 
1491908030761 52 51 
1491908030799 104 102 
1491908030820 53 55 
1491908030826 53 53 
1491908030857 56 53 
1491908030880 54 53 
1491908030901 53 53 
1491908030917 52 54 
1491908030939 51 53 
1491908030960 52 50 
1491908030981 52 50 
1491908031002 52 54 
1491908031018 54 52 
1491908031040 53 54 
1491908031061 53 52 
1491908031077 52 53 
1491908031099 53 52 
1491908031120 53 54 
1491908031141 54 53 
1491908031157 53 54 
1491908031179 53 53 
1491908031200 53 53 
1491908031216 53 51 
1491908031239 52 53 
1491908031260 53 53 
1491908031265 53 54 
1491908031297 54 53 
1491908031319 54 52 
1491908031340 54 54 
1491908031361 51 53 
1491908031377 53 52 
1491908031399 53 52 
1491908031420 53 52 
1491908031441 53 54 
1491908031457 53 54 
1491908031480 53 53 
1491908031501 55 53 
1491908031517 52 53 
1491908031540 54 53 
1491908031561 53 52 
1491908031582 54 54 
1491908031597 53 53 
1491908031619 54 53 
1491908031640 52 52 
1491908031656 52 52 
1491908031679 53 54 
1491908031700 53 54 
1491908031721 55 54 
1491908031737 53 53 
1491908031759 53 53 
1491908031780 53 55 
1491908031801 54 52 
1491908031817 53 53 
1491908031839 54 52 
1491908031860 53 54 
1491908031881 53 53 
1491908031897 54 53 
1491908031920 53 54 
1491908031941 54 53 
1491908031957 53 53 
1491908031980 53 53 
1491908032001 54 54 
1491908032022 54 54 
1491908032038 54 52 
1491908032060 52 52 
1491908032080 53 53 
1491908032097 52 53 
1491908032119 56 54 
1491908032140 54 55 
1491908032161 54 53 
1491908032177 51 52 
1491908032199 51 51 
1491908032220 53 51 
1491908032226 52 52 
1491908032257 55 54 
1491908032279 54 54 
1491908032300 56 55 
1491908032321 54 55 
1491908032337 55 55 
1491908032360 55 54 
1491908032381 55 54 
1491908032397 54 54 
1491908032420 54 54 
1491908032441 54 55 
1491908032462 54 55 
1491908032478 54 55 
1491908032500 54 53 
1491908032521 53 52 
1491908032537 53 54 
1491908032560 55 53 
1491908032581 54 55 
1491908032602 54 53 
1491908032617 53 53 
1491908032639 53 54 
1491908032660 52 52 
1491908032676 47 46 
1491908032699 52 51 
1491908032720 56 56 
1491908032741 59 59 
1491908032757 58 57 
1491908032780 55 54 
1491908032801 55 54 
1491908032817 56 55 
1491908032839 57 57 
1491908032860 56 55 
1491908032881 55 56 
1491908032897 54 54 
1491908032920 55 55 
1491908032941 57 56 
1491908032957 56 55 
1491908032980 55 56 
1491908033001 55 55 
1491908033017 55 55 
1491908033040 54 54 
1491908033061 51 52 
1491908033077 53 54 
1491908033099 54 54 
1491908033121 54 54 
1491908033136 55 55 
1491908033159 54 55 
1491908033180 55 56 
1491908033201 55 55 
1491908033217 55 55 
1491908033239 55 55 
1491908033260 54 55 
1491908033281 55 56 
1491908033297 56 55 
1491908033320 56 55 
1491908033341 54 54 
1491908033357 55 55 
1491908033380 54 56 
1491908033401 53 54 
1491908033417 54 54 
1491908033440 54 54 
1491908033461 56 55 
1491908033477 54 55 
1491908033500 55 55 
1491908033521 56 55 
1491908033537 54 55 
1491908033560 54 54 
1491908033581 55 55 
1491908033597 55 55 
1491908033620 56 56 
1491908033640 55 54 
1491908033646 54 54 
1491908033677 55 55 
1491908033699 55 56 
1491908033720 55 55 
1491908033736 55 54 
1491908033759 56 55 
1491908033780 55 55 
1491908033801 54 56 
1491908033817 55 54 
1491908033839 54 53 
1491908033860 53 55 
1491908033881 56 57 
1491908033897 57 56 
1491908033941 110 108 
1491908033957 54 53 
1491908033980 53 54 
1491908034001 54 54 
1491908034017 54 54 
1491908034040 55 56 
1491908034061 54 55 
1491908034077 56 54 
1491908034100 54 56 
1491908034120 55 56 
1491908034136 55 55 
1491908034159 55 53 
1491908034180 55 55 
1491908034186 55 55 
1491908034217 55 56 
1491908034239 57 54 
1491908034260 54 54 
1491908034266 54 53 
1491908034297 54 56 
1491908034319 55 56 
1491908034340 55 56 
1491908034361 55 54 
1491908034377 55 54 
1491908034400 55 56 
1491908034421 55 56 
1491908034437 56 55 
1491908034460 56 55 
1491908034481 54 53 
1491908034497 53 54 
1491908034520 55 55 
1491908034541 54 55 
1491908034557 54 53 
1491908034580 55 54 
1491908034621 111 111 
1491908034637 56 57 
1491908034659 56 56 
1491908034680 55 55 
1491908034696 55 54 
1491908034719 55 55 
1491908034740 56 56 
1491908034761 55 56 
1491908034777 55 54 
1491908034799 55 55 
1491908034820 55 54 
1491908034841 54 55 
1491908034857 54 55 
1491908034879 55 55 
1491908034900 56 54 
1491908034921 55 56 
1491908034937 55 56 
1491908034960 56 56 
1491908034981 56 56 
1491908034997 55 55 
1491908035020 56 54 
1491908035040 55 56 
1491908035061 55 57 
1491908035077 55 56 
1491908035099 54 54 
1491908035120 56 55 
1491908035136 54 54 
1491908035159 55 57 
1491908035180 56 55 
1491908035201 57 55 
1491908035217 55 56 
1491908035239 55 55 
1491908035260 55 57 
1491908035281 55 54 
1491908035297 56 55 
1491908035320 55 55 
1491908035341 56 56 
1491908035357 55 56 
1491908035380 55 55 
1491908035401 56 56 
1491908035417 55 55 
1491908035440 55 55 
1491908035461 55 56 
1491908035477 55 55 
1491908035499 56 56 
1491908035520 56 55 
1491908035536 56 56 
1491908035559 57 56 
1491908035580 55 56 
1491908035596 55 54 
1491908035619 56 55 
1491908035640 55 57 
1491908035661 56 57 
1491908035677 55 55 
1491908035700 56 56 
1491908035721 56 55 
1491908035737 55 56 
1491908035759 55 55 
1491908035801 111 111 
1491908035817 56 55 
1491908035840 55 56 
1491908035861 55 56 
1491908035877 57 56 
1491908035900 55 55 
1491908035921 55 56 
1491908035937 56 56 
1491908035960 56 56 
1491908035980 56 56 
1491908035997 55 56 
1491908036019 56 55 
1491908036040 56 55 
1491908036056 55 55 
1491908036079 56 58 
1491908036100 57 55 
1491908036121 55 55 
1491908036137 57 56 
1491908036159 55 58 
1491908036180 56 56 
1491908036201 54 54 
1491908036206 57 55 
1491908036238 54 54 
1491908036260 56 55 
1491908036281 56 56 
1491908036297 56 57 
1491908036320 57 56 
1491908036341 56 55 
1491908036362 55 57 
1491908036378 56 57 
1491908036400 56 56 
1491908036421 57 57 
1491908036437 55 55 
1491908036459 56 55 
1491908036480 56 57 
1491908036501 56 57 
1491908036517 56 55 
1491908036539 56 54 
1491908036560 55 56 
1491908036566 55 55 
1491908036597 56 56 
1491908036619 56 57 
1491908036640 57 56 
1491908036661 56 56 
1491908036677 56 56 
1491908036700 56 57 
1491908036721 56 56 
1491908036737 56 56 
1491908036760 56 55 
1491908036781 56 57 
1491908036802 56 56 
1491908036818 56 56 
1491908036840 56 55 
1491908036861 57 57 
1491908036877 55 56 
1491908036900 56 57 
1491908036921 56 55 
1491908036941 56 57 
1491908036958 56 54 
1491908036980 56 56 
1491908037000 56 56 
1491908037016 57 57 
1491908037039 56 55 
1491908037060 56 57 
1491908037081 57 57 
1491908037097 55 57 
1491908037120 56 56 
1491908037141 57 56 
1491908037157 55 55 
1491908037179 57 57 
1491908037200 56 53 
1491908037221 56 52 
1491908037237 57 50 
1491908037260 60 56 
1491908037281 58 58 
1491908037297 55 58 
1491908037320 54 59 
1491908037341 55 56 
1491908037357 53 54 
1491908037380 53 52 
1491908037401 55 54 
1491908037406 55 54 
1491908037438 56 55 
1491908037459 56 54 
1491908037480 59 60 
1491908037496 57 59 
1491908037519 58 58 
1491908037540 58 58 
1491908037561 58 57 
1491908037577 57 59 
1491908037599 55 58 
1491908037620 56 58 
1491908037641 56 57 
1491908037657 56 58 
1491908037680 56 56 
1491908037701 55 54 
1491908037717 56 55 
1491908037740 54 53 
1491908037761 52 52 
1491908037777 53 52 
1491908037800 52 53 
1491908037821 47 49 
1491908037837 44 45 
1491908037860 47 47 
1491908037881 50 49 
1491908037897 51 51 
1491908037920 50 49 
1491908037940 48 47 
1491908037961 48 49 
1491908037977 48 48 
1491908037999 47 45 
1491908038020 45 44 
1491908038026 44 43 
1491908038057 43 43 
1491908038079 44 45 
1491908038100 44 44 
1491908038121 41 42 
1491908038137 40 39 
1491908038160 38 40 
1491908038181 38 39 
1491908038197 37 37 
1491908038220 37 37 
1491908038241 39 38 
1491908038257 38 38 
1491908038280 36 36 
1491908038301 37 36 
1491908038317 35 36 
1491908038340 36 37 
1491908038361 36 36 
1491908038382 34 35 
1491908038398 35 34 
1491908038420 35 33 
1491908038441 32 33 
1491908038457 32 34 
1491908038479 32 32 
1491908038500 32 32 
1491908038506 30 30 
1491908038537 31 30 
1491908038560 30 31 
1491908038581 28 30 
1491908038597 30 30 
1491908038619 29 29 
1491908038640 28 28 
1491908038661 27 28 
1491908038682 29 29 
1491908038698 28 26 
1491908038720 26 27 
1491908038741 27 27 
1491908038757 27 27 
1491908038780 25 25 
1491908038801 24 25 
1491908038822 25 25 
1491908038838 27 25 
1491908038860 24 25 
1491908038881 23 24 
1491908038897 22 22 
1491908038919 24 23 
1491908038940 23 23 
1491908038961 24 24 
1491908038977 22 23 
1491908038999 22 22 
1491908039020 24 22 
1491908039041 21 21 
1491908039057 20 21 
1491908039079 18 19 
1491908039100 21 20 
1491908039121 21 21 
1491908039137 20 21 
1491908039160 20 20 
1491908039181 18 18 
1491908039197 17 18 
1491908039220 18 18 
1491908039241 19 19 
1491908039262 20 19 
1491908039278 18 18 
1491908039300 17 17 
1491908039321 16 17 
1491908039337 17 16 
1491908039360 17 18 
1491908039381 18 18 
1491908039401 17 17 
1491908039417 14 13 
1491908039439 15 15 
1491908039460 15 16 
1491908039466 16 17 
1491908039497 17 15 
1491908039519 16 15 
1491908039540 15 14 
1491908039561 12 13 
1491908039577 13 13 
1491908039600 14 14 
1491908039621 15 15 
1491908039637 16 15 
1491908039660 15 14 
1491908039681 13 13 
1491908039702 11 11 
1491908039718 11 12 
1491908039740 12 12 
1491908039761 14 14 
1491908039777 13 13 
1491908039800 14 13 
1491908039821 14 12 
1491908039842 12 12 
1491908039858 10 11 
1491908039879 9 11 
1491908039900 11 10 
1491908039906 11 11 
1491908039937 11 12 
1491908039959 12 12 
1491908039980 12 11 
1491908040001 10 9 
1491908040017 10 10 
1491908040040 10 9 
1491908040061 9 9 
1491908040077 10 8 
1491908040100 9 11 
1491908040121 10 10 
1491908040137 10 11 
1491908040160 10 9 
1491908040181 10 10 
1491908040197 11 11 
1491908040220 11 10 
1491908040241 11 11 
1491908040262 10 9 
1491908040278 10 10 
1491908040299 10 9 
1491908040320 9 10 
1491908040326 10 11 
1491908040357 10 10 
1491908040379 10 10 
1491908040400 11 11 
1491908040421 10 10 
1491908040437 11 11 
1491908040460 10 10 
ROTATE: 1.57080
1491908040481 7 6 
1491908040497 -4 -3 
1491908040520 0 2 
1491908040541 0 0 
1491908040562 0 0 
1491908040600 0 0 
1491908040621 3 0 
1491908040637 3 -1 
1491908040660 3 -2 
1491908040681 4 -2 
1491908040702 5 -2 
1491908040718 6 -4 
1491908040739 7 -5 
1491908040760 10 -7 
1491908040766 8 -6 
1491908040797 10 -10 
1491908040819 9 -12 
1491908040840 12 -13 
1491908040861 11 -14 
1491908040877 15 -15 
1491908040900 16 -18 
1491908040921 19 -18 
1491908040937 18 -17 
1491908040960 20 -17 
1491908040981 22 -18 
1491908041002 23 -18 
1491908041018 22 -16 
1491908041040 19 -21 
1491908041061 18 -21 
1491908041077 19 -20 
1491908041100 20 -18 
1491908041121 18 -16 
1491908041158 36 -35 
1491908041180 17 -17 
1491908041200 18 -16 
1491908041206 18 -18 
1491908041237 18 -19 
1491908041259 18 -19 
1491908041280 18 -19 
1491908041301 19 -17 
1491908041317 19 -18 
1491908041340 19 -17 
1491908041361 18 -18 
1491908041377 18 -20 
1491908041400 18 -19 
1491908041421 19 -19 
1491908041437 19 -17 
1491908041460 19 -16 
1491908041481 20 -20 
1491908041497 17 -19 
1491908041520 18 -19 
1491908041541 19 -18 
1491908041557 19 -17 
1491908041580 21 -18 
1491908041601 18 -19 
1491908041606 17 -20 
1491908041638 18 -19 
1491908041660 20 -19 
1491908041680 19 -17 
1491908041686 21 -18 
1491908041717 18 -19 
1491908041740 19 -20 
1491908041761 18 -19 
1491908041777 19 -18 
1491908041799 20 -16 
1491908041820 20 -18 
1491908041841 19 -20 
1491908041847 19 -20 
1491908041878 18 -20 
1491908041900 20 -18 
1491908041921 20 -18 
1491908041937 19 -19 
1491908041960 18 -20 
1491908041981 19 -20 
1491908042002 20 -19 
1491908042018 20 -17 
1491908042040 20 -19 
1491908042061 19 -20 
1491908042077 19 -20 
1491908042100 19 -20 
1491908042121 20 -18 
1491908042137 21 -18 
1491908042160 21 -19 
1491908042180 18 -20 
1491908042201 19 -20 
1491908042217 20 -20 
1491908042239 20 -17 
1491908042260 20 -19 
1491908042281 20 -20 
1491908042302 20 -20 
1491908042318 19 -18 
1491908042340 19 -17 
1491908042361 19 -17 
1491908042377 18 -18 
1491908042400 17 -17 
1491908042421 16 -17 
1491908042442 15 -15 
1491908042458 17 -15 
1491908042480 16 -12 
1491908042501 15 -14 
1491908042517 13 -14 
1491908042540 13 -16 
1491908042561 13 -15 
1491908042581 14 -14 
1491908042598 14 -12 
1491908042619 15 -11 
1491908042640 13 -12 
1491908042661 12 -12 
1491908042677 10 -12 
1491908042699 10 -11 
1491908042720 10 -10 
1491908042741 11 -10 
1491908042757 11 -9 
1491908042780 11 -10 
1491908042801 11 -9 
1491908042817 11 -9 
1491908042840 9 -9 
1491908042861 10 -8 
1491908042882 8 -9 
1491908042898 7 -9 
1491908042920 8 -7 
1491908042941 7 -8 
1491908042957 8 -7 
1491908042980 8 -8 
1491908043001 7 -7 
1491908043022 8 -7 
1491908043038 8 -7 
1491908043059 9 -6 
1491908043080 8 -6 
1491908043086 6 -6 
1491908043117 8 -6 
1491908043139 7 -6 
1491908043160 6 -5 
1491908043181 7 -6 
1491908043197 7 -6 
1491908043220 7 -7 
1491908043241 5 -6 
1491908043257 7 -6 
1491908043280 8 -8 
1491908043301 7 -7 
1491908043322 7 -7 
1491908043338 8 -7 
1491908043360 8 -9 
1491908043381 8 -7 
1491908043397 8 -6 
1491908043420 9 -6 
1491908043441 7 -7 
1491908043462 7 -6 
1491908043478 6 -6 
1491908043500 6 -6 
1491908043520 7 -7 
1491908043526 6 -6 
1491908043557 7 -7 
1491908043579 7 -7 
1491908043600 8 -7 
1491908043621 8 -8 
1491908043637 8 -7 
1491908043660 8 -9 
1491908043681 8 -8 
1491908043697 9 -7 
1491908043720 9 -6 
1491908043741 7 -7 
1491908043757 7 -7 
1491908043780 7 -5 
1491908043801 5 -7 
1491908043817 6 -6 
1491908043840 7 -7 
1491908043861 7 -6 
1491908043877 7 -6 
1491908043900 8 -8 
1491908043921 8 -8 
1491908043937 8 -7 
1491908043960 8 -8 
1491908043981 9 -9 
STOP
1491908043997 8 -7 
1491908044020 8 -6 
STRAIGHT: 3.00000
1491908044040 -1 0 
1491908044061 -1 1 
1491908044077 0 0 
1491908044099 0 0 
1491908044120 0 0 
1491908044141 0 0 
1491908044157 2 1 
1491908044180 1 2 
1491908044201 2 3 
1491908044217 3 4 
1491908044240 4 4 
1491908044261 5 5 
1491908044277 5 5 
1491908044300 4 6 
1491908044321 8 6 
1491908044337 8 8 
1491908044360 10 9 
1491908044381 11 12 
1491908044397 14 15 
1491908044420 15 14 
1491908044441 15 16 
1491908044462 15 14 
1491908044478 15 15 
1491908044499 17 16 
1491908044520 19 19 
1491908044541 21 21 
1491908044557 22 22 
1491908044579 22 23 
1491908044600 19 20 
1491908044621 23 22 
1491908044637 24 26 
1491908044660 28 28 
1491908044681 27 26 
1491908044697 28 29 
1491908044720 28 28 
1491908044741 31 30 
1491908044762 32 31 
1491908044778 33 33 
1491908044800 33 35 
1491908044821 36 37 
1491908044837 35 35 
1491908044860 37 36 
1491908044881 36 36 
1491908044902 38 40 
1491908044917 40 43 
1491908044939 42 42 
1491908044960 44 43 
1491908044981 41 43 
1491908044997 45 45 
1491908045019 46 43 
1491908045040 48 48 
1491908045061 47 47 
1491908045077 46 46 
1491908045100 46 46 
1491908045121 45 47 
1491908045137 46 46 
1491908045160 48 47 
1491908045181 47 49 
1491908045202 49 48 
1491908045218 47 48 
1491908045240 46 47 
1491908045261 47 47 
1491908045277 46 48 
1491908045300 47 47 
1491908045321 48 47 
1491908045342 48 47 
1491908045358 47 47 
1491908045380 46 48 
1491908045401 47 47 
1491908045421 48 47 
1491908045437 46 47 
1491908045459 48 48 
1491908045480 48 49 
1491908045501 49 47 
1491908045517 48 48 
1491908045540 47 47 
1491908045561 46 47 
1491908045577 47 47 
1491908045600 49 46 
1491908045621 51 50 
1491908045637 49 50 
1491908045660 49 49 
1491908045681 50 47 
1491908045697 48 48 
1491908045720 47 48 
1491908045741 45 49 
1491908045757 46 47 
1491908045780 49 46 
1491908045801 48 48 
1491908045806 48 51 
1491908045838 47 47 
1491908045860 49 47 
1491908045881 48 47 
1491908045886 48 49 
1491908045917 48 50 
1491908045940 48 49 
1491908045961 51 48 
1491908045977 49 48 
1491908045999 47 48 
1491908046020 48 49 
1491908046041 49 49 
1491908046062 48 48 
1491908046078 49 48 
1491908046121 96 98 
1491908046160 97 98 
1491908046181 50 48 
1491908046202 49 50 
1491908046218 49 49 
1491908046240 49 49 
1491908046261 49 50 
1491908046277 48 48 
1491908046300 50 49 
1491908046321 49 50 
1491908046337 50 49 
1491908046360 49 49 
1491908046381 49 49 
1491908046401 49 50 
1491908046417 49 49 
1491908046439 48 49 
1491908046460 50 48 
1491908046481 50 49 
1491908046502 50 50 
1491908046518 49 51 
1491908046540 50 49 
1491908046561 50 48 
1491908046577 50 49 
1491908046600 49 50 
1491908046621 50 50 
1491908046642 50 51 
1491908046658 50 50 
1491908046680 50 49 
1491908046701 50 49 
1491908046717 49 50 
1491908046740 50 50 
1491908046761 49 50 
1491908046782 50 50 
1491908046798 50 50 
1491908046820 50 50 
1491908046841 51 50 
1491908046862 48 50 
1491908046878 50 50 
1491908046899 50 49 
1491908046920 50 50 
1491908046941 49 48 
1491908046957 50 50 
1491908046980 49 50 
1491908047001 51 51 
1491908047017 51 49 
1491908047040 50 49 
1491908047061 52 50 
1491908047082 50 52 
1491908047098 50 51 
1491908047120 48 50 
1491908047141 50 49 
1491908047157 49 49 
1491908047180 51 50 
1491908047201 50 50 
1491908047222 51 51 
1491908047238 50 50 
1491908047260 50 50 
1491908047281 50 50 
1491908047302 50 50 
1491908047318 51 50 
1491908047340 50 51 
1491908047360 52 51 
1491908047381 51 50 
1491908047397 51 52 
1491908047420 51 50 
1491908047441 50 50 
1491908047457 50 51 
1491908047480 50 51 
1491908047501 51 50 
1491908047517 53 50 
1491908047540 50 52 
1491908047577 100 101 
1491908047600 51 49 
1491908047621 51 51 
1491908047637 51 51 
1491908047660 51 53 
1491908047681 51 49 
1491908047702 52 51 
1491908047718 50 50 
1491908047740 52 53 
1491908047761 50 50 
1491908047782 52 51 
1491908047798 52 51 
1491908047821 50 51 
1491908047841 50 52 
1491908047857 52 50 
1491908047880 50 51 
1491908047901 51 52 
1491908047917 51 52 
1491908047940 51 51 
1491908047961 50 51 
1491908047977 52 49 
1491908048000 51 52 
1491908048021 52 51 
1491908048037 51 49 
1491908048060 52 51 
1491908048081 51 53 
1491908048086 51 51 
1491908048118 49 51 
1491908048140 51 50 
1491908048161 51 51 
1491908048177 51 52 
1491908048200 51 52 
1491908048221 52 50 
1491908048242 51 51 
1491908048258 52 51 
1491908048281 52 52 
1491908048302 50 50 
1491908048318 52 52 
1491908048340 51 52 
1491908048361 52 51 
1491908048382 54 53 
1491908048398 54 52 
1491908048420 52 52 
1491908048441 51 52 
1491908048457 50 51 
1491908048480 51 49 
1491908048501 50 50 
1491908048522 53 50 
1491908048538 50 53 
1491908048560 52 52 
1491908048581 52 52 
1491908048597 51 50 
1491908048620 53 52 
1491908048641 50 53 
1491908048662 52 53 
1491908048678 52 52 
1491908048701 52 50 
1491908048722 52 52 
1491908048738 52 52 
1491908048760 52 52 
1491908048780 51 52 
1491908048801 52 52 
1491908048822 52 53 
1491908048838 51 50 
1491908048860 52 52 
1491908048881 51 52 
1491908048897 52 54 
1491908048920 52 52 
1491908048941 52 52 
1491908048962 53 52 
1491908048978 52 53 
1491908049000 51 53 
1491908049021 53 53 
1491908049037 51 49 
1491908049060 53 51 
1491908049081 51 54 
1491908049102 53 54 
1491908049118 50 52 
1491908049141 53 50 
1491908049162 54 53 
1491908049178 53 53 
1491908049200 55 53 
1491908049221 53 52 
1491908049241 53 53 
1491908049257 51 52 
1491908049280 52 52 
1491908049301 50 52 
1491908049317 53 52 
1491908049340 52 52 
1491908049361 53 53 
1491908049382 53 52 
1491908049398 53 52 
1491908049420 52 53 
1491908049441 53 53 
1491908049457 51 52 
1491908049480 53 52 
1491908049501 52 52 
1491908049506 53 53 
1491908049538 52 53 
1491908049560 53 53 
1491908049581 53 52 
1491908049602 54 53 
1491908049618 52 53 
1491908049640 52 53 
1491908049661 52 53 
1491908049682 53 52 
1491908049697 53 52 
1491908049720 54 54 
1491908049741 52 53 
1491908049757 53 52 
1491908049780 52 52 
1491908049806 54 53 
1491908049822 53 55 
1491908049838 53 52 
1491908049860 54 53 
1491908049881 52 54 
1491908049897 52 52 
1491908049920 53 53 
1491908049941 52 53 
1491908049962 54 54 
1491908050000 107 107 
1491908050021 53 51 
1491908050042 53 52 
1491908050058 52 54 
1491908050080 53 53 
1491908050101 52 52 
1491908050122 55 54 
1491908050138 53 52 
1491908050160 53 54 
1491908050181 52 53 
1491908050197 53 52 
1491908050220 53 54 
1491908050241 54 53 
1491908050262 55 55 
1491908050278 53 53 
1491908050300 53 53 
1491908050321 54 54 
1491908050337 52 53 
1491908050360 54 53 
1491908050381 53 54 
1491908050418 107 107 
1491908050440 52 53 
1491908050461 54 53 
1491908050482 54 52 
1491908050498 53 54 
1491908050520 54 54 
1491908050562 109 107 
1491908050578 55 53 
1491908050600 53 55 
1491908050621 52 54 
1491908050637 54 55 
1491908050660 53 53 
1491908050681 54 53 
1491908050702 55 54 
1491908050718 53 55 
1491908050740 54 54 
1491908050761 53 52 
1491908050777 53 53 
1491908050800 54 53 
1491908050821 53 54 
1491908050842 53 54 
1491908050858 53 54 
1491908050880 55 54 
1491908050901 54 54 
1491908050922 54 54 
1491908050938 54 54 
1491908050960 55 55 
1491908050981 55 54 
1491908051002 53 55 
1491908051018 54 54 
1491908051041 53 53 
1491908051061 54 54 
1491908051077 54 54 
1491908051100 55 54 
1491908051121 54 54 
1491908051137 53 54 
1491908051160 52 53 
1491908051181 54 53 
1491908051197 53 53 
1491908051220 55 54 
1491908051241 54 55 
1491908051257 54 55 
1491908051280 55 54 
1491908051301 55 54 
1491908051322 55 55 
1491908051338 54 54 
1491908051360 54 55 
1491908051381 54 54 
1491908051402 54 55 
1491908051418 54 54 
1491908051441 55 54 
1491908051462 54 54 
1491908051478 54 54 
1491908051501 54 54 
1491908051522 56 54 
1491908051538 55 54 
1491908051560 54 56 
1491908051581 54 54 
1491908051597 55 55 
1491908051620 54 54 
1491908051641 54 54 
1491908051657 54 55 
1491908051680 55 55 
1491908051701 55 54 
1491908051707 54 53 
1491908051738 54 53 
1491908051760 56 54 
1491908051781 54 55 
1491908051786 54 55 
1491908051818 54 53 
1491908051840 54 53 
1491908051861 53 55 
1491908051882 54 55 
1491908051898 54 54 
1491908051920 56 54 
1491908051941 54 53 
1491908051962 55 55 
1491908051978 54 54 
1491908052001 55 55 
1491908052022 54 54 
1491908052037 55 54 
1491908052060 54 54 
1491908052081 53 54 
1491908052097 53 54 
1491908052120 54 54 
1491908052141 54 54 
1491908052178 111 109 
1491908052200 55 56 
1491908052221 54 54 
1491908052226 55 54 
1491908052258 56 54 
1491908052280 55 55 
1491908052301 54 56 
1491908052322 55 56 
1491908052338 54 53 
1491908052360 53 53 
1491908052381 54 54 
1491908052402 55 55 
1491908052423 55 55 
1491908052439 55 55 
1491908052482 112 108 
1491908052520 107 110 
1491908052541 55 55 
1491908052557 55 54 
1491908052580 55 54 
1491908052601 55 55 
1491908052622 55 56 
1491908052638 54 55 
1491908052660 55 54 
1491908052681 55 54 
1491908052697 55 56 
1491908052720 55 55 
1491908052741 55 55 
1491908052762 54 55 
1491908052778 55 55 
1491908052800 54 53 
1491908052821 56 55 
1491908052842 54 56 
1491908052847 56 56 
1491908052879 55 54 
1491908052901 55 54 
1491908052938 109 109 
1491908052960 54 55 
1491908052981 55 55 
1491908053002 56 55 
1491908053018 55 55 
1491908053040 54 55 
1491908053061 55 55 
1491908053077 54 54 
1491908053100 56 55 
1491908053121 55 56 
1491908053137 55 55 
1491908053160 56 55 
1491908053181 54 54 
1491908053202 56 56 
1491908053218 56 55 
1491908053240 55 56 
1491908053261 56 55 
1491908053282 55 55 
1491908053303 55 56 
1491908053319 55 55 
1491908053341 54 54 
1491908053361 55 54 
1491908053377 55 55 
1491908053400 54 54 
1491908053421 56 56 
1491908053442 54 54 
1491908053458 55 56 
1491908053480 55 55 
1491908053501 55 54 
1491908053517 56 55 
1491908053540 56 56 
1491908053561 55 56 
1491908053582 57 56 
1491908053598 56 55 
1491908053620 54 55 
1491908053641 55 55 
1491908053662 54 56 
1491908053678 55 54 
1491908053700 55 55 
1491908053721 55 55 
1491908053742 55 56 
1491908053758 54 54 
1491908053781 54 55 
1491908053802 56 55 
1491908053818 55 53 
1491908053841 55 55 
1491908053862 55 56 
1491908053882 57 56 
1491908053898 55 56 
1491908053920 56 55 
1491908053941 55 56 
1491908053957 55 56 
1491908053980 55 55 
1491908054001 55 55 
1491908054022 56 55 
1491908054038 56 55 
1491908054060 54 55 
1491908054081 56 56 
1491908054102 55 54 
1491908054118 56 55 
1491908054140 56 55 
1491908054161 56 57 
1491908054182 55 56 
1491908054198 56 55 
1491908054221 55 55 
1491908054242 55 55 
1491908054258 56 55 
1491908054281 55 55 
1491908054302 55 56 
1491908054323 57 55 
1491908054338 57 55 
1491908054360 56 56 
1491908054381 55 56 
1491908054397 54 56 
1491908054420 55 54 
1491908054441 56 54 
1491908054462 57 57 
1491908054478 55 56 
1491908054500 56 56 
1491908054521 55 56 
1491908054526 56 55 
1491908054558 55 56 
1491908054580 56 55 
1491908054622 111 113 
1491908054638 56 55 
1491908054661 55 54 
1491908054682 54 56 
1491908054698 55 56 
1491908054721 56 55 
1491908054742 57 55 
1491908054758 55 54 
1491908054781 56 57 
1491908054802 56 54 
1491908054817 55 57 
1491908054840 55 55 
1491908054861 57 57 
1491908054882 57 56 
1491908054898 56 56 
1491908054920 56 57 
1491908054941 55 56 
1491908054957 55 55 
1491908054980 55 56 
1491908055001 55 56 
1491908055007 56 55 
1491908055038 56 56 
1491908055060 56 56 
1491908055081 56 55 
1491908055102 55 57 
1491908055118 56 55 
1491908055140 56 55 
1491908055161 56 57 
1491908055182 57 57 
1491908055198 56 55 
1491908055221 56 56 
1491908055242 56 57 
1491908055258 56 55 
1491908055280 57 57 
1491908055301 56 56 
1491908055322 55 56 
1491908055338 56 56 
1491908055360 56 55 
1491908055381 57 56 
1491908055397 55 57 
1491908055420 56 56 
1491908055441 57 56 
1491908055462 57 55 
1491908055478 54 56 
1491908055501 56 57 
1491908055522 55 56 
1491908055538 56 57 
1491908055560 56 55 
1491908055581 57 56 
1491908055602 56 58 
1491908055623 56 57 
1491908055639 56 56 
1491908055661 57 54 
1491908055682 56 54 
1491908055698 55 57 
1491908055721 56 56 
1491908055741 56 55 
1491908055762 56 56 
1491908055778 56 56 
1491908055800 57 58 
1491908055821 56 58 
1491908055837 56 55 
1491908055860 57 56 
1491908055881 57 55 
1491908055902 56 58 
1491908055918 55 56 
1491908055940 56 55 
1491908055961 56 56 
1491908055982 55 55 
1491908055998 56 56 
1491908056020 55 57 
1491908056041 57 57 
1491908056062 56 55 
1491908056078 56 56 
1491908056101 57 55 
1491908056122 56 56 
1491908056138 56 56 
1491908056161 57 57 
1491908056182 57 55 
1491908056202 59 57 
1491908056218 57 58 
1491908056240 54 58 
1491908056261 56 57 
1491908056277 54 55 
1491908056300 57 54 
1491908056321 55 56 
1491908056342 56 58 
1491908056358 57 56 
1491908056380 57 54 
1491908056401 56 57 
1491908056422 56 56 
1491908056438 55 56 
1491908056460 56 57 
1491908056481 57 56 
1491908056502 57 56 
1491908056518 56 58 
1491908056541 56 57 
1491908056562 56 56 
1491908056578 57 55 
1491908056601 56 56 
1491908056622 56 57 
1491908056638 56 55 
1491908056661 54 55 
1491908056681 54 53 
1491908056697 53 53 
1491908056720 53 53 
1491908056741 53 53 
1491908056757 50 50 
1491908056780 52 50 
1491908056801 50 50 
1491908056822 49 49 
1491908056838 47 48 
1491908056860 48 48 
1491908056881 46 46 
1491908056902 47 46 
1491908056918 47 46 
1491908056941 45 45 
1491908056962 45 46 
1491908056978 43 44 
1491908057000 42 42 
1491908057021 42 43 
1491908057042 41 42 
1491908057063 41 43 
1491908057079 42 40 
1491908057101 41 40 
1491908057122 40 39 
1491908057137 39 39 
1491908057160 39 39 
1491908057181 39 38 
1491908057202 38 38 
1491908057218 37 36 
1491908057240 35 36 
1491908057261 35 37 
1491908057277 34 36 
1491908057300 37 34 
1491908057321 34 34 
1491908057327 31 33 
1491908057358 32 32 
1491908057381 33 33 
1491908057418 68 66 
1491908057441 33 33 
1491908057462 32 32 
1491908057478 30 30 
1491908057501 30 30 
1491908057522 27 28 
1491908057538 29 27 
1491908057561 31 30 
1491908057582 29 29 
1491908057598 28 28 
1491908057620 27 27 
1491908057641 28 28 
1491908057647 26 28 
1491908057678 26 26 
1491908057700 26 26 
1491908057721 28 26 
1491908057727 25 25 
1491908057758 26 25 
1491908057780 25 25 
1491908057801 25 25 
1491908057822 23 25 
1491908057838 22 22 
1491908057860 23 22 
1491908057881 24 24 
1491908057902 22 25 
1491908057918 21 22 
1491908057941 22 21 
1491908057962 22 20 
1491908057978 22 22 
1491908058001 21 22 
1491908058022 20 20 
1491908058038 20 20 
1491908058061 20 20 
1491908058082 21 21 
1491908058098 19 20 
1491908058120 18 19 
1491908058141 18 17 
1491908058157 19 18 
1491908058180 18 20 
1491908058201 19 20 
1491908058222 18 17 
1491908058238 16 16 
1491908058260 17 15 
1491908058281 17 17 
1491908058318 36 36 
1491908058340 17 17 
1491908058361 15 16 
1491908058382 15 14 
1491908058398 15 14 
1491908058421 16 16 
1491908058442 17 16 
1491908058458 16 16 
1491908058481 15 15 
1491908058502 13 14 
1491908058518 13 13 
1491908058541 13 12 
1491908058561 16 15 
1491908058577 15 15 
1491908058600 15 15 
1491908058621 13 13 
1491908058637 12 12 
1491908058660 11 11 
1491908058681 12 12 
1491908058702 13 11 
1491908058718 15 13 
1491908058740 13 13 
1491908058761 12 13 
1491908058782 11 12 
1491908058787 10 11 
1491908058819 10 10 
1491908058841 11 10 
1491908058862 12 11 
1491908058878 12 11 
1491908058901 12 11 
1491908058922 11 11 
1491908058943 10 11 
1491908058959 10 11 
1491908058980 10 10 
1491908059001 10 10 
1491908059017 10 9 
1491908059040 10 10 
1491908059061 10 10 
1491908059082 10 9 
1491908059098 9 10 
1491908059120 10 10 
1491908059141 11 10 
1491908059162 10 10 
1491908059178 10 11 
1491908059200 10 10 
1491908059221 10 9 
1491908059242 9 10 
1491908059258 10 9 
1491908059281 10 10 
1491908059302 11 10 
1491908059318 10 10 
1491908059341 10 10 
1491908059362 11 10 
1491908059383 10 11 
1491908059399 9 10 
1491908059421 9 10 
ROTATE: 1.57080
1491908059442 6 5 
1491908059457 -2 -3 
1491908059480 0 1 
1491908059501 0 0 
1491908059522 0 0 
1491908059538 0 0 
1491908059560 1 -1 
1491908059581 3 0 
1491908059587 2 -1 
1491908059618 3 -2 
1491908059640 4 -2 
1491908059661 6 -3 
1491908059682 6 -4 
1491908059698 6 -6 
1491908059721 4 -7 
1491908059742 8 -9 
1491908059758 8 -9 
1491908059781 10 -10 
1491908059802 12 -13 
1491908059823 15 -14 
1491908059839 18 -15 
1491908059861 17 -15 
1491908059882 21 -17 
1491908059898 21 -17 
1491908059920 20 -17 
1491908059941 19 -19 
1491908059963 18 -19 
1491908059978 17 -21 
1491908060000 18 -18 
1491908060021 18 -16 
1491908060027 18 -18 
1491908060058 18 -18 
1491908060080 17 -18 
1491908060101 17 -18 
1491908060122 19 -18 
1491908060138 20 -17 
1491908060161 19 -17 
1491908060182 19 -17 
1491908060198 18 -19 
1491908060221 17 -20 
1491908060242 20 -19 
1491908060258 19 -16 
1491908060281 20 -18 
1491908060302 19 -18 
1491908060318 18 -19 
1491908060341 17 -20 
1491908060362 19 -18 
1491908060383 19 -18 
1491908060398 19 -17 
1491908060420 20 -19 
1491908060441 18 -19 
1491908060457 17 -20 
1491908060480 19 -18 
1491908060501 20 -17 
1491908060522 20 -18 
1491908060538 20 -19 
1491908060561 17 -20 
1491908060582 19 -20 
1491908060598 20 -18 
1491908060620 20 -17 
1491908060641 19 -19 
1491908060662 18 -19 
1491908060683 19 -20 
1491908060699 19 -20 
1491908060721 19 -18 
1491908060742 21 -17 
1491908060758 19 -18 
1491908060781 18 -20 
1491908060802 19 -20 
1491908060823 19 -19 
1491908060839 20 -18 
1491908060861 21 -18 
1491908060882 19 -20 
1491908060898 18 -19 
1491908060921 20 -20 
1491908060941 19 -19 
1491908060962 20 -19 
1491908060978 18 -19 
1491908061000 18 -20 
1491908061021 18 -19 
1491908061042 19 -19 
1491908061058 19 -17 
1491908061080 21 -19 
1491908061101 19 -20 
1491908061122 18 -21 
1491908061138 19 -19 
1491908061161 19 -19 
1491908061182 22 -17 
1491908061198 20 -19 
1491908061221 19 -20 
1491908061242 19 -21 
1491908061263 19 -20 
1491908061279 19 -18 
1491908061301 20 -18 
1491908061322 19 -18 
1491908061338 17 -19 
1491908061361 15 -18 
1491908061381 17 -16 
1491908061402 17 -14 
1491908061418 16 -14 
1491908061441 16 -16 
1491908061462 14 -15 
1491908061478 13 -15 
1491908061500 13 -15 
1491908061521 15 -13 
1491908061542 16 -11 
1491908061558 13 -11 
1491908061581 12 -12 
1491908061602 12 -15 
1491908061618 10 -12 
1491908061641 10 -12 
1491908061662 10 -12 
1491908061678 12 -11 
1491908061701 12 -10 
1491908061722 11 -7 
1491908061727 10 -9 
1491908061759 10 -10 
1491908061801 17 -19 
1491908061838 18 -19 
1491908061861 9 -10 
1491908061882 9 -9 
1491908061898 8 -9 
1491908061920 9 -8 
1491908061962 16 -13 
1491908061983 7 -7 
1491908061999 7 -7 
1491908062021 7 -5 
1491908062042 6 -7 
1491908062058 8 -7 
1491908062081 7 -7 
1491908062102 7 -7 
1491908062123 7 -8 
1491908062139 7 -8 
1491908062161 7 -8 
1491908062182 7 -8 
1491908062198 7 -7 
1491908062221 7 -7 
1491908062242 6 -6 
1491908062258 7 -6 
1491908062280 7 -6 
1491908062301 8 -6 
1491908062322 7 -5 
1491908062338 8 -6 
1491908062360 8 -8 
1491908062381 9 -8 
1491908062402 7 -6 
1491908062423 8 -8 
1491908062439 7 -9 
1491908062461 7 -8 
1491908062482 7 -8 
1491908062498 7 -7 
1491908062521 7 -8 
1491908062542 7 -6 
1491908062563 7 -6 
1491908062579 7 -6 
1491908062601 8 -6 
1491908062622 7 -5 
1491908062638 8 -6 
1491908062661 9 -7 
1491908062682 8 -8 
1491908062703 7 -7 
1491908062719 7 -8 
1491908062740 8 -8 
1491908062761 7 -8 
1491908062782 7 -8 
1491908062798 7 -8 
1491908062820 7 -7 
1491908062841 7 -7 
1491908062862 7 -6 
1491908062878 7 -6 
1491908062901 8 -7 
1491908062922 7 -5 
1491908062938 8 -6 
STOP
1491908062961 7 -7 
1491908062982 8 -8 
STRAIGHT: 3.00000
1491908063003 3 -2 
1491908063019 -2 2 
1491908063041 1 -2 
1491908063062 0 -1 
1491908063078 0 0 
1491908063101 0 0 
1491908063122 1 1 
1491908063143 0 0 
1491908063159 1 2 
1491908063181 2 2 
1491908063202 6 5 
1491908063217 4 4 
1491908063240 6 7 
1491908063261 6 7 
1491908063282 9 9 
1491908063298 10 9 
1491908063321 12 11 
1491908063342 11 12 
1491908063358 13 12 
1491908063381 14 13 
1491908063402 13 15 
1491908063423 16 17 
1491908063439 17 17 
1491908063461 20 19 
1491908063482 19 19 
1491908063498 19 20 
1491908063521 19 20 
1491908063542 21 21 
1491908063558 23 24 
1491908063581 26 26 
1491908063602 26 27 
1491908063623 26 26 
1491908063638 27 26 
1491908063660 28 28 
1491908063681 31 31 
1491908063702 29 32 
1491908063708 32 32 
1491908063739 35 32 
1491908063761 33 35 
1491908063782 33 36 
1491908063798 37 36 
1491908063821 37 36 
1491908063842 38 40 
1491908063863 40 40 
1491908063879 40 41 
1491908063901 42 40 
1491908063922 43 44 
1491908063938 42 44 
1491908063961 45 44 
1491908063982 47 46 
1491908064003 47 48 
1491908064019 46 47 
1491908064041 46 47 
1491908064062 47 46 
1491908064078 46 46 
1491908064100 46 48 
1491908064121 48 48 
1491908064142 48 48 
1491908064158 47 48 
1491908064181 46 46 
1491908064202 46 46 
1491908064218 46 45 
1491908064241 47 47 
1491908064262 46 48 
1491908064278 47 47 
1491908064301 46 47 
1491908064322 47 47 
1491908064338 47 47 
1491908064361 47 48 
1491908064382 49 47 
1491908064398 47 49 
1491908064421 47 47 
1491908064442 47 47 
1491908064447 49 47 
1491908064479 47 48 
1491908064501 46 48 
1491908064522 46 48 
1491908064527 46 47 
1491908064558 49 46 
1491908064581 49 49 
1491908064602 48 49 
1491908064618 49 49 
1491908064641 49 48 
1491908064662 49 47 
1491908064678 48 49 
1491908064701 49 49 
1491908064722 48 49 
1491908064743 47 48 
1491908064759 46 48 
1491908064781 47 46 
1491908064802 48 48 
1491908064818 49 49 
1491908064841 50 49 
1491908064862 49 49 
1491908064883 50 49 
1491908064899 49 48 
1491908064921 48 49 
1491908064942 47 50 
1491908064958 48 48 
1491908064981 48 48 
1491908065002 50 48 
1491908065023 50 50 
1491908065039 48 49 
1491908065061 48 48 
1491908065082 50 49 
1491908065098 49 48 
1491908065120 48 48 
1491908065141 48 50 
1491908065162 50 48 
1491908065178 50 48 
1491908065201 50 50 
1491908065222 51 51 
1491908065238 50 50 
1491908065261 50 49 
1491908065282 48 48 
1491908065298 48 49 
1491908065321 47 49 
1491908065342 48 47 
1491908065358 49 48 
1491908065381 50 50 
1491908065402 49 50 
1491908065418 48 49 
1491908065441 50 48 
1491908065462 49 49 
1491908065467 48 50 
1491908065499 49 49 
1491908065521 52 51 
1491908065542 49 49 
1491908065558 50 49 
1491908065581 50 50 
1491908065601 51 50 
1491908065622 49 51 
1491908065638 49 50 
1491908065661 49 50 
1491908065682 50 48 
1491908065698 50 49 
1491908065721 48 50 
1491908065742 52 50 
1491908065758 51 50 
1491908065781 49 50 
1491908065802 50 51 
1491908065818 49 49 
1491908065841 49 49 
1491908065862 49 50 
1491908065883 51 51 
1491908065899 50 50 
1491908065921 51 50 
1491908065942 50 49 
1491908065958 52 50 
1491908065981 50 51 
1491908066002 50 51 
1491908066018 51 50 
1491908066041 51 51 
1491908066062 49 51 
1491908066083 49 50 
1491908066099 50 50 
1491908066121 50 50 
1491908066142 51 50 
1491908066162 50 50 
1491908066178 51 50 
1491908066201 50 51 
1491908066222 51 49 
1491908066238 49 51 
1491908066261 50 49 
1491908066282 51 49 
1491908066298 52 51 
1491908066321 52 53 
1491908066358 101 102 
1491908066381 51 49 
1491908066402 49 51 
1491908066418 49 51 
1491908066441 50 51 
1491908066462 51 51 
1491908066478 52 50 
1491908066501 51 51 
1491908066522 52 50 
1491908066538 52 48 
1491908066561 53 51 
1491908066582 51 50 
1491908066598 48 50 
1491908066621 51 52 
1491908066642 50 52 
1491908066662 51 51 
1491908066678 52 51 
1491908066700 51 51 
1491908066721 52 51 
1491908066742 49 52 
1491908066763 51 51 
1491908066779 51 49 
1491908066801 51 50 
1491908066822 51 50 
1491908066838 49 51 
1491908066861 49 49 
1491908066882 49 50 
1491908066903 51 52 
1491908066919 51 53 
1491908066941 52 51 
1491908066962 52 51 
1491908066978 51 50 
1491908067001 51 52 
1491908067022 51 52 
1491908067043 52 51 
1491908067059 52 51 
1491908067081 51 51 
1491908067101 52 53 
1491908067122 52 52 
1491908067138 52 51 
1491908067160 49 50 
1491908067181 49 49 
1491908067202 49 51 
1491908067218 51 48 
1491908067241 50 50 
1491908067262 52 53 
1491908067278 51 50 
1491908067301 52 50 
1491908067322 52 52 
1491908067343 51 52 
1491908067359 51 52 
1491908067381 53 52 
1491908067402 52 52 
1491908067418 51 51 
1491908067441 50 52 
1491908067462 52 53 
1491908067483 51 51 
1491908067499 51 50 
1491908067521 50 51 
1491908067542 51 50 
1491908067547 52 52 
1491908067579 51 51 
1491908067600 52 53 
1491908067621 52 53 
1491908067642 51 51 
1491908067658 51 51 
1491908067681 51 53 
1491908067702 52 52 
1491908067718 53 52 
1491908067741 52 51 
1491908067762 52 52 
1491908067783 53 53 
1491908067799 53 52 
1491908067821 52 52 
1491908067842 52 52 
1491908067858 51 52 
1491908067881 52 51 
1491908067902 53 53 
1491908067923 52 53 
1491908067939 52 52 
1491908067961 52 51 
1491908067982 52 51 
1491908067998 52 52 
1491908068021 52 53 
1491908068042 52 53 
1491908068063 54 52 
1491908068079 52 52 
1491908068101 52 53 
1491908068122 52 53 
1491908068138 52 52 
1491908068161 52 51 
1491908068182 52 53 
1491908068203 53 53 
1491908068219 52 51 
1491908068241 53 52 
1491908068262 52 53 
1491908068278 50 51 
1491908068301 53 52 
1491908068322 53 51 
1491908068338 51 53 
1491908068361 51 54 
1491908068382 50 51 
1491908068398 51 53 
1491908068421 55 54 
1491908068442 54 53 
1491908068458 53 55 
1491908068481 53 52 
1491908068502 50 51 
1491908068523 51 47 
1491908068539 53 49 
1491908068562 53 53 
1491908068582 53 55 
1491908068598 55 53 
1491908068620 54 53 
1491908068662 106 104 
1491908068678 55 54 
1491908068701 54 53 
1491908068722 53 52 
1491908068738 51 51 
1491908068761 51 49 
1491908068798 105 104 
1491908068821 51 53 
1491908068842 51 53 
1491908068858 52 51 
1491908068881 53 52 
1491908068902 51 52 
1491908068918 45 47 
1491908068941 49 49 
1491908068962 54 52 
1491908068983 56 55 
1491908068999 55 57 
1491908069021 53 54 
1491908069041 54 52 
1491908069062 54 54 
1491908069078 56 57 
1491908069101 55 55 
1491908069122 54 52 
1491908069138 52 52 
1491908069160 52 53 
1491908069181 51 55 
1491908069202 52 51 
1491908069223 53 52 
1491908069239 52 52 
1491908069261 51 53 
1491908069282 53 51 
1491908069298 52 52 
1491908069321 52 53 
1491908069342 53 53 
1491908069363 54 54 
1491908069379 53 52 
1491908069401 53 54 
1491908069422 53 54 
1491908069438 53 54 
1491908069461 53 52 
1491908069482 53 54 
1491908069498 52 52 
1491908069521 53 54 
1491908069542 53 52 
1491908069562 53 54 
1491908069578 53 52 
1491908069600 52 53 
1491908069621 54 53 
1491908069642 53 54 
1491908069648 53 54 
1491908069679 54 54 
1491908069701 54 53 
1491908069722 52 53 
1491908069738 54 53 
1491908069761 54 54 
1491908069782 53 54 
1491908069803 54 54 
1491908069819 53 53 
1491908069841 55 53 
1491908069862 54 54 
1491908069878 53 54 
1491908069901 53 54 
1491908069922 54 53 
1491908069943 54 54 
1491908069959 53 54 
1491908069981 53 55 
1491908070001 54 53 
1491908070022 53 52 
1491908070038 53 54 
1491908070060 54 54 
1491908070081 54 54 
1491908070102 54 54 
1491908070118 54 54 
1491908070141 54 54 
1491908070162 54 54 
1491908070178 55 53 
1491908070201 55 55 
1491908070243 107 109 
1491908070259 53 52 
1491908070281 54 54 
1491908070302 53 54 
1491908070318 54 54 
1491908070341 54 53 
1491908070362 54 53 
1491908070383 54 55 
1491908070399 54 54 
1491908070421 55 54 
1491908070442 53 55 
1491908070447 53 52 
1491908070479 54 53 
1491908070501 55 55 
1491908070521 54 55 
1491908070542 55 55 
1491908070558 53 54 
1491908070581 55 53 
1491908070602 52 54 
1491908070618 54 54 
1491908070641 55 54 
1491908070662 54 53 
1491908070683 53 55 
1491908070699 55 54 
1491908070721 55 55 
1491908070742 53 53 
1491908070758 54 54 
1491908070781 55 55 
1491908070802 55 55 
1491908070823 56 55 
1491908070839 56 55 
1491908070861 55 55 
1491908070882 54 55 
1491908070898 53 55 
1491908070921 54 54 
1491908070942 55 54 
1491908070963 55 55 
1491908070979 55 55 
1491908071001 53 54 
1491908071022 54 54 
1491908071042 54 54 
1491908071059 55 54 
1491908071080 54 54 
1491908071101 56 56 
1491908071122 54 54 
1491908071138 56 55 
1491908071161 55 55 
1491908071182 54 54 
1491908071198 55 54 
1491908071221 54 54 
1491908071242 55 55 
1491908071258 54 55 
1491908071281 55 54 
1491908071302 53 54 
1491908071318 54 54 
1491908071341 54 54 
1491908071362 56 55 
1491908071378 54 54 
1491908071401 55 55 
1491908071422 55 54 
1491908071438 55 56 
1491908071461 54 55 
1491908071482 54 54 
1491908071498 55 54 
1491908071521 55 54 
1491908071542 54 56 
1491908071563 55 56 
1491908071579 55 54 
1491908071601 55 54 
1491908071622 53 54 
1491908071638 55 55 
1491908071660 56 55 
1491908071702 110 110 
1491908071718 55 55 
1491908071741 55 54 
1491908071762 55 55 
1491908071778 55 56 
1491908071801 55 56 
1491908071822 55 55 
1491908071838 54 54 
1491908071861 53 55 
1491908071882 56 55 
1491908071898 57 55 
1491908071921 58 55 
1491908071942 56 56 
1491908071958 56 55 
1491908071981 56 56 
1491908072002 54 53 
1491908072023 54 55 
1491908072039 55 56 
1491908072061 56 55 
1491908072081 56 55 
1491908072102 56 55 
1491908072108 54 56 
1491908072139 54 53 
1491908072161 55 53 
1491908072182 55 54 
1491908072198 54 56 
1491908072221 56 55 
1491908072242 54 54 
1491908072263 55 55 
1491908072279 53 55 
1491908072301 55 56 
1491908072338 109 108 
1491908072361 55 55 
1491908072382 56 55 
1491908072403 56 55 
1491908072419 56 56 
1491908072441 55 55 
1491908072462 56 57 
1491908072483 57 55 
1491908072499 57 56 
1491908072520 58 56 
1491908072541 55 55 
1491908072562 52 56 
1491908072578 51 51 
1491908072601 55 52 
1491908072622 54 53 
1491908072638 54 56 
1491908072661 55 54 
1491908072682 56 55 
1491908072703 56 56 
1491908072719 56 56 
1491908072741 56 56 
1491908072762 56 55 
1491908072778 55 57 
1491908072801 55 56 
1491908072822 55 57 
1491908072843 55 55 
1491908072859 54 55 
1491908072881 55 55 
1491908072902 55 55 
1491908072907 56 55 
1491908072939 55 55 
1491908072982 111 111 
1491908073002 55 54 
1491908073018 55 55 
1491908073041 55 56 
1491908073062 55 54 
1491908073078 56 56 
1491908073101 55 56 
1491908073122 55 56 
1491908073143 56 55 
1491908073159 55 55 
1491908073181 55 55 
1491908073202 54 55 
1491908073218 56 56 
1491908073241 56 55 
1491908073262 55 55 
1491908073283 55 54 
1491908073299 55 56 
1491908073321 56 55 
1491908073342 56 57 
1491908073347 55 55 
1491908073401 111 110 
1491908073422 56 57 
1491908073443 55 56 
1491908073459 56 55 
1491908073482 56 55 
1491908073502 55 55 
1491908073518 57 56 
1491908073541 56 56 
1491908073562 57 54 
1491908073578 55 55 
1491908073601 55 56 
1491908073622 55 55 
1491908073638 53 55 
1491908073661 54 56 
1491908073682 54 54 
1491908073698 57 54 
1491908073721 57 56 
1491908073742 56 57 
1491908073747 56 56 
1491908073779 57 56 
1491908073801 57 58 
1491908073822 56 57 
1491908073843 58 56 
1491908073859 57 57 
1491908073882 54 56 
1491908073902 54 56 
1491908073919 55 56 
1491908073940 57 53 
1491908073961 56 56 
1491908073982 54 56 
1491908074003 55 56 
1491908074019 56 53 
1491908074041 56 56 
1491908074078 110 113 
1491908074101 56 55 
1491908074122 56 55 
1491908074143 57 57 
1491908074159 57 58 
1491908074181 56 56 
1491908074202 55 55 
1491908074218 55 53 
1491908074241 56 57 
1491908074262 56 56 
1491908074283 56 57 
1491908074299 55 55 
1491908074322 55 55 
1491908074343 55 56 
1491908074359 56 56 
1491908074380 57 56 
1491908074401 56 55 
1491908074422 56 57 
1491908074443 57 56 
1491908074459 57 56 
1491908074481 56 57 
1491908074502 55 56 
1491908074518 55 55 
1491908074541 56 56 
1491908074562 56 56 
1491908074583 57 57 
1491908074599 56 56 
1491908074642 112 111 
1491908074681 111 113 
1491908074723 114 111 
1491908074739 55 57 
1491908074761 56 57 
1491908074782 57 57 
1491908074803 56 55 
1491908074819 56 57 
1491908074841 56 57 
1491908074882 112 111 
1491908074898 55 55 
1491908074921 56 55 
1491908074942 56 56 
1491908074958 56 56 
1491908074981 55 56 
1491908075002 57 57 
1491908075023 56 56 
1491908075039 57 56 
1491908075061 56 57 
1491908075082 57 57 
1491908075098 55 55 
1491908075121 56 55 
1491908075142 55 56 
1491908075163 57 58 
1491908075179 57 56 
1491908075201 56 56 
1491908075222 56 56 
1491908075243 55 55 
1491908075259 56 57 
1491908075281 56 56 
1491908075302 56 56 
1491908075323 57 55 
1491908075339 56 56 
1491908075361 58 57 
1491908075382 56 57 
1491908075398 55 57 
1491908075421 56 56 
1491908075442 57 57 
1491908075458 58 57 
1491908075481 55 56 
1491908075502 56 55 
1491908075518 55 52 
1491908075541 55 54 
1491908075562 55 56 
1491908075578 57 58 
1491908075601 56 57 
1491908075622 55 56 
1491908075643 54 54 
1491908075659 53 53 
1491908075681 54 53 
1491908075702 53 53 
1491908075723 52 53 
1491908075739 51 51 
1491908075762 50 49 
1491908075783 50 50 
1491908075799 49 48 
1491908075821 47 48 
1491908075842 47 45 
1491908075858 46 46 
1491908075881 46 45 
1491908075902 44 46 
1491908075918 43 42 
1491908075941 41 41 
1491908075962 42 43 
1491908075978 42 41 
1491908076001 45 43 
1491908076022 42 44 
1491908076027 41 41 
1491908076059 42 41 
1491908076081 42 40 
1491908076102 39 40 
1491908076123 37 39 
1491908076139 37 39 
1491908076161 39 37 
1491908076182 37 36 
1491908076203 37 38 
1491908076219 35 37 
1491908076242 35 34 
1491908076262 34 34 
1491908076278 34 34 
1491908076301 33 33 
1491908076322 34 35 
1491908076338 33 33 
1491908076361 32 32 
1491908076382 33 33 
1491908076398 32 31 
1491908076421 31 32 
1491908076442 32 32 
1491908076463 31 30 
1491908076479 29 31 
1491908076501 31 30 
1491908076522 31 30 
1491908076527 27 28 
1491908076559 27 28 
1491908076581 29 27 
1491908076602 28 27 
1491908076623 27 29 
1491908076639 25 27 
1491908076662 28 26 
1491908076683 27 25 
1491908076699 24 27 
1491908076721 24 26 
1491908076742 27 25 
1491908076758 26 23 
1491908076781 23 24 
1491908076802 22 26 
1491908076818 25 22 
1491908076841 24 22 
1491908076862 23 24 
1491908076878 21 24 
1491908076901 22 22 
1491908076922 24 22 
1491908076943 23 21 
1491908076959 19 22 
1491908076981 19 20 
1491908077002 20 19 
1491908077023 21 19 
1491908077039 21 21 
1491908077062 21 22 
1491908077083 19 20 
1491908077099 19 18 
1491908077122 20 19 
1491908077143 19 19 
1491908077159 17 18 
1491908077181 16 16 
1491908077202 15 16 
1491908077218 17 17 
1491908077241 18 18 
1491908077262 18 19 
1491908077278 19 17 
1491908077301 19 17 
1491908077322 16 17 
1491908077338 15 16 
1491908077361 15 15 
1491908077382 17 16 
1491908077398 16 15 
1491908077421 15 15 
1491908077442 13 13 
1491908077447 13 13 
1491908077479 13 13 
1491908077501 13 14 
1491908077522 15 15 
1491908077543 16 15 
1491908077559 14 13 
1491908077581 13 12 
1491908077602 12 13 
1491908077623 12 13 
1491908077639 13 13 
1491908077661 13 13 
1491908077682 13 13 
1491908077698 13 12 
1491908077721 12 12 
1491908077742 12 11 
1491908077763 10 11 
1491908077779 10 11 
1491908077801 11 10 
1491908077822 11 12 
1491908077838 12 11 
1491908077861 12 12 
1491908077882 11 11 
1491908077903 11 11 
1491908077919 10 10 
1491908077941 10 9 
1491908077962 10 9 
1491908077983 9 9 
1491908077999 9 10 
1491908078021 10 9 
1491908078042 9 10 
1491908078063 10 9 
1491908078079 10 10 
1491908078102 10 10 
1491908078122 10 9 
1491908078138 10 9 
1491908078161 10 10 
1491908078182 9 11 
1491908078203 9 9 
1491908078219 10 9 
1491908078241 9 10 
1491908078278 19 20 
1491908078301 10 9 
1491908078322 9 9 
1491908078343 10 9 
1491908078359 10 10 
1491908078381 8 9 
1491908078402 9 10 
1491908078423 10 9 
1491908078439 9 9 
1491908078461 9 10 
1491908078482 10 9 
1491908078503 8 8 
ROTATE: 1.57080
1491908078519 -3 -3 
1491908078542 0 0 
1491908078563 0 1 
1491908078579 0 0 
1491908078602 0 0 
1491908078622 1 0 
1491908078643 3 0 
1491908078659 2 -2 
1491908078681 2 -2 
1491908078702 2 -5 
1491908078718 3 -5 
1491908078741 3 -6 
1491908078762 5 -6 
1491908078783 8 -10 
1491908078799 9 -9 
1491908078821 12 -11 
1491908078842 12 -13 
1491908078847 15 -13 
1491908078879 15 -15 
1491908078901 17 -14 
1491908078922 17 -18 
1491908078943 18 -18 
1491908078959 17 -17 
1491908078982 17 -18 
1491908079003 17 -19 
1491908079019 18 -18 
1491908079042 18 -19 
1491908079063 17 -19 
1491908079079 17 -17 
1491908079101 18 -18 
1491908079122 18 -18 
1491908079138 17 -18 
1491908079161 18 -18 
1491908079182 18 -19 
1491908079198 19 -17 
1491908079221 17 -18 
1491908079242 19 -18 
1491908079248 18 -19 
1491908079279 18 -18 
1491908079301 17 -20 
1491908079322 19 -18 
1491908079327 17 -17 
1491908079359 19 -17 
1491908079381 18 -19 
1491908079402 19 -20 
1491908079423 18 -19 
1491908079439 17 -17 
1491908079461 19 -19 
1491908079482 19 -18 
1491908079503 20 -19 
1491908079519 19 -20 
1491908079542 20 -18 
1491908079563 19 -19 
1491908079579 19 -18 
1491908079601 17 -18 
1491908079622 16 -20 
1491908079643 19 -20 
1491908079659 17 -18 
1491908079681 17 -18 
1491908079702 20 -18 
1491908079718 20 -18 
1491908079741 19 -20 
1491908079762 20 -19 
1491908079778 20 -20 
1491908079801 19 -19 
1491908079822 19 -18 
1491908079843 20 -18 
1491908079859 19 -20 
1491908079881 20 -20 
1491908079902 18 -18 
1491908079923 18 -19 
1491908079939 19 -19 
1491908079962 19 -20 
1491908079983 19 -19 
1491908079999 18 -19 
1491908080022 18 -19 
1491908080042 19 -19 
1491908080059 20 -19 
1491908080081 20 -21 
1491908080102 18 -20 
1491908080118 19 -19 
1491908080141 19 -18 
1491908080162 20 -19 
1491908080178 20 -19 
1491908080201 19 -21 
1491908080222 20 -21 
1491908080228 19 -19 
1491908080259 19 -18 
1491908080281 20 -19 
1491908080302 20 -19 
1491908080307 19 -20 
1491908080339 18 -20 
1491908080361 18 -18 
1491908080382 18 -17 
1491908080403 18 -17 
1491908080419 18 -18 
1491908080441 15 -16 
1491908080462 15 -17 
1491908080483 15 -15 
1491908080499 16 -14 
1491908080521 15 -14 
1491908080542 14 -13 
1491908080558 13 -14 
1491908080581 13 -14 
1491908080602 13 -14 
1491908080618 12 -12 
1491908080641 14 -14 
1491908080662 14 -13 
1491908080668 12 -12 
1491908080699 10 -11 
1491908080721 10 -12 
1491908080742 10 -11 
1491908080747 10 -10 
1491908080779 11 -10 
1491908080802 10 -9 
1491908080823 12 -9 
1491908080839 10 -9 
1491908080862 9 -8 
1491908080883 9 -9 
1491908080899 7 -7 
1491908080922 8 -8 
1491908080942 7 -7 
1491908080963 7 -8 
1491908080979 7 -7 
1491908081001 7 -8 
1491908081022 8 -7 
1491908081038 8 -8 
1491908081061 8 -7 
1491908081082 8 -8 
1491908081103 8 -6 
1491908081119 7 -6 
1491908081162 13 -13 
1491908081178 6 -4 
1491908081201 6 -6 
1491908081243 13 -12 
1491908081259 6 -7 
1491908081281 6 -6 
1491908081302 7 -7 
1491908081323 7 -7 
1491908081339 8 -7 
1491908081361 7 -7 
1491908081403 16 -15 
1491908081418 8 -7 
1491908081441 8 -6 
1491908081462 6 -7 
1491908081478 7 -6 
1491908081501 6 -6 
1491908081522 6 -6 
1491908081538 6 -6 
1491908081561 7 -6 
1491908081582 6 -7 
1491908081598 6 -7 
1491908081621 7 -7 
1491908081642 7 -7 
1491908081658 9 -7 
1491908081681 7 -8 
1491908081702 8 -8 
1491908081723 9 -8 
1491908081739 8 -6 
1491908081761 7 -7 
1491908081782 7 -8 
1491908081803 7 -6 
1491908081824 7 -6 
1491908081840 5 -6 
1491908081862 7 -7 
1491908081882 6 -6 
1491908081899 7 -6 
1491908081921 7 -7 
1491908081942 7 -8 
1491908081963 8 -7 
1491908081979 8 -7 
1491908082001 9 -8 
1491908082022 8 -8 
1491908082038 9 -7 
1491908082061 7 -8 
STOP
1491908082082 8 -8 
STRAIGHT: 3.00000
1491908082103 7 -6 
1491908082119 -3 2 
1491908082141 0 1 
1491908082162 0 0 
1491908082178 0 0 
1491908082201 0 0 
1491908082222 0 1 
1491908082243 2 2 
1491908082259 1 1 
1491908082282 2 3 
1491908082303 4 3 
1491908082319 4 5 
1491908082342 5 5 
1491908082362 5 6 
1491908082378 8 7 
1491908082401 8 7 
1491908082422 10 10 
1491908082438 10 10 
1491908082461 13 12 
1491908082482 13 13 
1491908082498 14 15 
1491908082521 15 16 
1491908082542 16 17 
1491908082547 17 16 
1491908082579 18 18 
1491908082601 19 19 
1491908082622 21 23 
1491908082627 20 22 
1491908082659 22 21 
1491908082682 23 22 
1491908082703 23 24 
1491908082719 26 25 
1491908082742 28 27 
1491908082763 27 27 
1491908082779 27 28 
1491908082801 29 29 
1491908082822 30 31 
1491908082843 33 32 
1491908082859 33 33 
1491908082902 69 71 
1491908082918 38 36 
1491908082941 36 36 
1491908082962 38 40 
1491908082983 39 40 
1491908082999 41 40 
1491908083021 42 43 
1491908083042 41 42 
1491908083058 44 43 
1491908083081 45 45 
1491908083102 44 45 
1491908083123 48 49 
1491908083139 46 46 
1491908083161 45 46 
1491908083182 43 43 
1491908083203 45 45 
1491908083219 46 47 
1491908083241 49 50 
1491908083283 96 96 
1491908083298 48 48 
1491908083321 49 50 
1491908083342 47 48 
1491908083358 46 47 
1491908083381 45 46 
1491908083402 46 45 
1491908083423 47 49 
1491908083439 48 47 
1491908083461 47 47 
1491908083482 46 47 
1491908083498 45 47 
1491908083521 46 47 
1491908083542 49 46 
1491908083563 48 49 
1491908083579 48 49 
1491908083601 48 48 
1491908083622 47 48 
1491908083643 47 46 
1491908083659 47 47 
1491908083681 48 47 
1491908083723 96 97 
1491908083738 48 48 
1491908083761 47 48 
1491908083782 47 47 
1491908083798 47 47 
1491908083821 48 48 
1491908083842 48 49 
1491908083858 48 48 
1491908083881 47 47 
1491908083902 48 48 
1491908083918 48 47 
1491908083941 48 49 
1491908083962 47 49 
1491908083978 48 48 
1491908084001 49 48 
1491908084022 49 47 
1491908084043 49 48 
1491908084059 49 49 
1491908084081 48 49 
1491908084123 95 96 
1491908084144 46 47 
1491908084160 49 47 
1491908084181 49 49 
1491908084202 49 50 
1491908084218 49 50 
1491908084241 50 48 
1491908084262 49 49 
1491908084283 50 49 
1491908084299 49 50 
1491908084321 46 49 
1491908084342 49 48 
1491908084358 48 48 
1491908084381 50 49 
1491908084402 48 49 
1491908084423 49 50 
1491908084439 49 49 
1491908084461 49 49 
1491908084482 49 48 
1491908084487 49 49 
1491908084519 50 49 
1491908084541 50 49 
1491908084562 50 50 
1491908084583 49 50 
1491908084599 49 50 
1491908084621 50 48 
1491908084642 49 48 
1491908084658 48 50 
1491908084681 50 50 
1491908084702 49 50 
1491908084723 51 48 
1491908084739 50 49 
1491908084761 49 49 
1491908084782 49 49 
1491908084798 48 49 
1491908084821 50 49 
1491908084842 50 50 
1491908084863 50 49 
1491908084879 50 50 
1491908084901 49 51 
1491908084922 50 50 
1491908084927 48 49 
1491908084959 50 48 
1491908084981 50 50 
1491908085002 50 51 
1491908085023 49 51 
1491908085039 51 49 
1491908085062 49 49 
1491908085082 51 49 
1491908085098 49 50 
1491908085121 51 50 
1491908085142 49 50 
1491908085163 52 51 
1491908085179 49 50 
1491908085201 50 50 
1491908085222 51 50 
1491908085238 49 50 
1491908085261 50 51 
1491908085282 51 50 
1491908085303 52 50 
1491908085319 51 50 
1491908085341 51 52 
1491908085362 49 49 
1491908085378 49 50 
1491908085401 50 49 
1491908085422 51 51 
1491908085443 50 51 
1491908085459 50 50 
1491908085482 49 50 
1491908085503 49 50 
1491908085519 51 49 
1491908085540 51 51 
1491908085561 51 51 
1491908085582 51 50 
1491908085598 52 52 
1491908085621 50 50 
1491908085642 51 51 
1491908085658 50 50 
1491908085681 51 52 
1491908085702 50 51 
1491908085718 50 51 
1491908085741 50 50 
1491908085762 51 49 
1491908085767 51 51 
1491908085799 50 51 
1491908085821 51 51 
1491908085842 51 50 
1491908085847 51 50 
1491908085879 51 51 
1491908085901 50 51 
1491908085922 50 51 
1491908085943 52 51 
1491908085959 50 50 
1491908085981 51 51 
1491908086002 51 50 
1491908086023 51 52 
1491908086039 50 52 
1491908086061 52 51 
1491908086082 51 49 
1491908086098 52 51 
1491908086121 51 52 
1491908086142 52 52 
1491908086163 51 52 
1491908086179 51 51 
1491908086201 50 51 
1491908086222 50 50 
1491908086238 51 50 
1491908086261 51 52 
1491908086282 52 52 
1491908086298 52 52 
1491908086321 53 51 
1491908086342 52 51 
1491908086363 51 53 
1491908086379 50 52 
1491908086401 52 52 
1491908086422 52 51 
1491908086459 103 105 
1491908086482 52 52 
1491908086503 52 52 
1491908086519 52 52 
1491908086540 52 52 
1491908086561 52 52 
1491908086582 52 51 
1491908086603 52 52 
1491908086619 51 53 
1491908086641 52 51 
1491908086662 51 50 
1491908086678 52 52 
1491908086701 51 52 
1491908086722 52 53 
1491908086743 53 53 
1491908086759 52 50 
1491908086781 52 51 
1491908086802 52 53 
1491908086818 52 52 
1491908086841 51 53 
1491908086862 53 52 
1491908086867 52 51 
1491908086899 52 52 
1491908086922 51 52 
1491908086942 53 52 
1491908086958 51 52 
1491908086981 52 52 
1491908087002 52 51 
1491908087018 52 52 
1491908087041 51 53 
1491908087062 53 52 
1491908087078 52 51 
1491908087101 54 52 
1491908087122 53 52 
1491908087138 52 52 
1491908087161 51 52 
1491908087182 52 53 
1491908087198 53 52 
1491908087221 53 54 
1491908087242 53 53 
1491908087258 52 52 
1491908087281 54 52 
1491908087302 53 53 
1491908087323 53 55 
1491908087339 53 52 
1491908087361 51 52 
1491908087382 52 51 
1491908087403 53 52 
1491908087418 53 54 
1491908087442 53 53 
1491908087462 52 53 
1491908087478 52 52 
1491908087501 53 53 
1491908087522 53 54 
1491908087538 53 53 
1491908087561 53 53 
1491908087582 54 53 
1491908087598 52 52 
1491908087621 54 53 
1491908087642 55 53 
1491908087658 55 54 
1491908087681 53 54 
1491908087702 50 53 
1491908087718 51 51 
1491908087741 52 49 
1491908087762 52 52 
1491908087767 53 54 
1491908087799 54 54 
1491908087821 53 53 
1491908087842 54 52 
1491908087863 53 52 
1491908087879 53 54 
1491908087901 54 54 
1491908087922 54 54 
1491908087938 53 53 
1491908087961 53 52 
1491908087982 52 51 
1491908087998 52 53 
1491908088021 52 52 
1491908088042 53 52 
1491908088063 53 52 
1491908088079 54 52 
1491908088101 53 53 
1491908088122 52 52 
1491908088138 54 53 
1491908088161 53 53 
1491908088182 53 53 
1491908088203 53 53 
1491908088219 53 54 
1491908088241 52 53 
1491908088262 54 52 
1491908088267 52 52 
1491908088299 53 53 
1491908088321 53 53 
1491908088341 53 54 
1491908088362 53 53 
1491908088378 53 53 
1491908088401 53 53 
1491908088422 52 53 
1491908088438 53 53 
1491908088461 53 54 
1491908088482 54 54 
1491908088498 54 53 
1491908088521 53 54 
1491908088542 53 53 
1491908088558 53 54 
1491908088581 53 53 
1491908088602 54 53 
1491908088618 53 53 
1491908088641 55 54 
1491908088662 53 53 
1491908088667 53 54 
1491908088699 52 52 
1491908088721 54 52 
1491908088742 53 54 
1491908088747 53 54 
1491908088779 54 54 
1491908088800 53 53 
1491908088821 54 54 
1491908088842 54 52 
1491908088858 52 53 
1491908088880 53 54 
1491908088901 53 53 
1491908088922 55 54 
1491908088938 52 54 
1491908088961 54 53 
1491908088982 52 54 
1491908088998 53 53 
1491908089021 54 52 
1491908089042 54 54 
1491908089063 55 54 
1491908089079 53 53 
1491908089101 53 54 
1491908089122 54 53 
1491908089138 54 54 
1491908089161 53 53 
1491908089182 53 54 
1491908089198 54 55 
1491908089221 55 55 
1491908089242 55 53 
1491908089263 54 54 
1491908089279 54 55 
1491908089301 52 53 
1491908089321 53 53 
1491908089327 54 53 
1491908089358 55 55 
1491908089381 54 54 
1491908089402 54 54 
1491908089418 53 54 
1491908089440 54 53 
1491908089461 54 54 
1491908089482 54 54 
1491908089503 55 55 
1491908089519 54 54 
1491908089541 54 54 
1491908089562 54 53 
1491908089578 53 54 
1491908089601 55 54 
1491908089622 54 54 
1491908089643 55 52 
1491908089659 55 54 
1491908089681 56 54 
1491908089702 54 54 
1491908089739 102 106 
1491908089761 53 53 
1491908089782 54 52 
1491908089802 55 54 
1491908089818 55 54 
1491908089841 55 54 
1491908089862 54 52 
1491908089878 53 53 
1491908089900 55 54 
1491908089921 56 57 
1491908089942 54 58 
1491908089958 55 56 
1491908089981 54 54 
1491908090002 55 54 
1491908090018 54 54 
1491908090041 53 53 
1491908090062 54 54 
1491908090083 56 54 
1491908090099 55 53 
1491908090121 54 54 
1491908090142 53 54 
1491908090158 53 54 
1491908090181 54 55 
1491908090202 54 54 
1491908090223 54 56 
1491908090239 55 55 
1491908090261 55 55 
1491908090281 55 55 
1491908090302 56 54 
1491908090318 54 55 
1491908090340 54 54 
1491908090382 108 109 
1491908090398 55 53 
1491908090421 54 54 
1491908090442 53 55 
1491908090458 54 54 
1491908090481 55 55 
1491908090502 54 55 
1491908090523 56 55 
1491908090539 54 55 
1491908090561 56 55 
1491908090582 54 56 
1491908090598 54 54 
1491908090621 54 53 
1491908090642 56 53 
1491908090663 53 55 
1491908090679 54 55 
1491908090701 54 55 
1491908090722 56 55 
1491908090738 55 53 
1491908090760 53 55 
1491908090781 54 55 
1491908090802 56 55 
1491908090818 55 54 
1491908090841 55 55 
1491908090862 55 55 
1491908090878 53 54 
1491908090900 54 55 
1491908090921 55 54 
1491908090942 56 55 
1491908090963 55 56 
1491908090979 55 54 
1491908091001 54 56 
1491908091022 54 53 
1491908091038 55 55 
1491908091061 54 54 
1491908091082 55 54 
1491908091103 54 55 
1491908091119 56 55 
1491908091141 55 55 
1491908091162 56 56 
1491908091178 55 55 
1491908091201 54 55 
1491908091222 55 56 
1491908091242 56 55 
1491908091258 55 54 
1491908091280 55 56 
1491908091301 54 56 
1491908091322 55 54 
1491908091338 55 54 
1491908091360 55 55 
1491908091402 111 111 
1491908091418 55 55 
1491908091441 55 55 
1491908091462 54 54 
1491908091478 55 55 
1491908091501 55 56 
1491908091522 54 55 
1491908091543 56 55 
1491908091559 56 54 
1491908091581 56 56 
1491908091602 55 55 
1491908091618 54 56 
1491908091641 55 55 
1491908091662 55 54 
1491908091683 56 54 
1491908091699 54 55 
1491908091721 55 56 
1491908091742 56 55 
1491908091758 54 54 
1491908091780 55 55 
1491908091801 56 56 
1491908091822 55 57 
1491908091838 56 55 
1491908091861 55 54 
1491908091882 56 55 
1491908091898 54 55 
1491908091921 55 55 
1491908091942 55 56 
1491908091963 56 54 
1491908091979 54 55 
1491908092001 56 55 
1491908092022 55 56 
1491908092038 55 55 
1491908092061 56 56 
1491908092082 56 54 
1491908092098 55 55 
1491908092121 56 56 
1491908092142 55 56 
1491908092163 55 56 
1491908092178 56 54 
1491908092200 56 55 
1491908092221 55 57 
1491908092242 55 57 
1491908092248 56 56 
1491908092279 55 56 
1491908092301 55 55 
1491908092322 55 56 
1491908092338 56 55 
1491908092361 56 56 
1491908092382 55 55 
1491908092403 58 55 
1491908092419 56 56 
1491908092462 110 112 
1491908092478 55 55 
1491908092501 56 55 
1491908092522 55 55 
1491908092543 56 57 
1491908092559 55 56 
1491908092581 56 56 
1491908092601 56 54 
1491908092607 56 54 
1491908092640 54 56 
1491908092660 56 56 
1491908092681 56 56 
1491908092702 56 56 
1491908092718 55 55 
1491908092741 55 56 
1491908092762 54 56 
1491908092778 56 54 
1491908092801 55 55 
1491908092822 57 55 
1491908092843 56 57 
1491908092859 57 56 
1491908092881 56 56 
1491908092902 56 56 
1491908092918 56 56 
1491908092941 57 56 
1491908092962 59 57 
1491908092983 57 58 
1491908092999 55 56 
1491908093021 53 53 
1491908093042 55 52 
1491908093047 53 55 
1491908093079 54 55 
1491908093100 56 55 
1491908093121 58 56 
1491908093142 56 57 
1491908093158 55 56 
1491908093181 55 57 
1491908093202 56 56 
1491908093218 57 56 
1491908093241 57 56 
1491908093262 57 57 
1491908093278 56 58 
1491908093301 56 55 
1491908093322 55 54 
1491908093338 55 55 
1491908093361 56 57 
1491908093382 55 55 
1491908093398 56 55 
1491908093421 57 55 
1491908093442 55 55 
1491908093447 56 57 
1491908093479 55 56 
1491908093501 56 56 
1491908093522 56 57 
1491908093538 57 56 
1491908093561 56 56 
1491908093582 56 57 
1491908093602 56 56 
1491908093618 56 55 
1491908093640 54 54 
1491908093661 56 55 
1491908093682 55 58 
1491908093703 57 56 
1491908093719 56 54 
1491908093741 56 57 
1491908093762 56 56 
1491908093778 55 56 
1491908093801 57 55 
1491908093822 57 56 
1491908093843 56 57 
1491908093859 55 56 
1491908093881 56 56 
1491908093902 56 57 
1491908093918 56 56 
1491908093941 57 54 
1491908093962 56 56 
1491908093967 55 58 
1491908093999 55 57 
1491908094021 57 56 
1491908094041 57 55 
1491908094062 55 56 
1491908094078 55 56 
1491908094100 56 57 
1491908094121 58 55 
1491908094142 57 57 
1491908094158 55 57 
1491908094181 56 56 
1491908094202 57 55 
1491908094218 55 56 
1491908094241 57 55 
1491908094262 55 56 
1491908094283 57 57 
1491908094299 55 56 
1491908094321 56 58 
1491908094342 56 54 
1491908094358 57 55 
1491908094381 55 57 
1491908094402 56 57 
1491908094423 57 57 
1491908094439 56 56 
1491908094461 56 55 
1491908094482 55 55 
1491908094487 56 56 
1491908094519 57 57 
1491908094541 57 55 
1491908094561 57 57 
1491908094582 56 57 
1491908094598 55 57 
1491908094621 57 56 
1491908094642 54 54 
1491908094658 58 55 
1491908094681 56 57 
1491908094702 56 56 
1491908094723 57 56 
1491908094739 55 55 
1491908094761 53 55 
1491908094782 53 54 
1491908094798 52 53 
1491908094821 53 51 
1491908094842 52 50 
1491908094863 53 50 
1491908094879 52 51 
1491908094901 50 51 
1491908094922 47 48 
1491908094927 44 44 
1491908094959 46 46 
1491908094981 47 46 
1491908095001 47 48 
1491908095022 45 47 
1491908095038 45 45 
1491908095061 44 44 
1491908095082 45 43 
1491908095098 44 43 
1491908095121 42 44 
1491908095142 43 43 
1491908095158 41 42 
1491908095181 42 41 
1491908095202 39 40 
1491908095218 38 39 
1491908095241 38 38 
1491908095262 38 39 
1491908095278 39 39 
1491908095301 37 37 
1491908095322 36 37 
1491908095343 37 36 
1491908095359 36 34 
1491908095381 33 35 
1491908095402 36 35 
1491908095423 34 33 
1491908095439 34 34 
1491908095461 33 35 
1491908095482 32 33 
1491908095498 32 32 
1491908095521 32 32 
1491908095542 30 30 
1491908095558 30 30 
1491908095581 32 31 
1491908095602 31 30 
1491908095618 30 29 
1491908095641 28 29 
1491908095662 30 30 
1491908095678 28 29 
1491908095701 27 28 
1491908095722 27 28 
1491908095727 27 28 
1491908095759 27 25 
1491908095781 27 27 
1491908095802 26 26 
1491908095807 25 26 
1491908095839 24 23 
1491908095861 25 23 
1491908095882 24 25 
1491908095903 25 27 
1491908095919 24 24 
1491908095941 23 21 
1491908095961 23 23 
1491908095982 23 24 
1491908095998 22 22 
1491908096021 22 21 
1491908096042 23 21 
1491908096058 22 22 
1491908096081 22 23 
1491908096102 20 21 
1491908096118 20 19 
1491908096141 19 19 
1491908096162 20 21 
1491908096178 21 22 
1491908096201 20 19 
1491908096222 19 19 
1491908096238 18 19 
1491908096261 19 17 
1491908096282 20 19 
1491908096303 19 19 
1491908096319 17 18 
1491908096342 17 18 
1491908096363 16 15 
1491908096379 18 16 
1491908096401 18 18 
1491908096422 16 19 
1491908096443 16 16 
1491908096448 15 14 
1491908096479 15 15 
1491908096501 16 15 
1491908096522 16 16 
1491908096538 17 16 
1491908096561 15 16 
1491908096582 13 14 
1491908096603 13 14 
1491908096619 14 12 
1491908096641 15 12 
1491908096662 15 14 
1491908096678 15 14 
1491908096701 14 14 
1491908096722 13 14 
1491908096743 13 13 
1491908096759 12 12 
1491908096781 13 12 
1491908096802 14 13 
1491908096823 13 13 
1491908096839 13 13 
1491908096861 11 13 
1491908096882 10 12 
1491908096903 11 10 
1491908096919 11 10 
1491908096941 12 12 
1491908096962 11 11 
1491908096978 12 11 
1491908097001 11 11 
1491908097022 11 11 
1491908097043 11 11 
1491908097059 10 11 
1491908097081 10 10 
1491908097102 10 10 
1491908097118 10 9 
1491908097141 10 10 
1491908097162 11 10 
1491908097183 10 9 
1491908097199 10 10 
1491908097221 10 11 
1491908097242 11 11 
1491908097247 9 11 
1491908097279 10 10 
1491908097301 10 9 
1491908097322 10 10 
1491908097343 11 11 
1491908097359 9 10 
1491908097382 10 9 
1491908097402 11 10 
1491908097419 10 10 
1491908097441 9 10 
1491908097462 10 10 
1491908097478 10 9 
1491908097501 10 10 
1491908097522 9 10 
1491908097538 9 9 
ROTATE: 1.57080
1491908097561 3 3 
1491908097582 -2 -3 
1491908097598 0 1 
1491908097621 0 0 
1491908097642 0 0 
1491908097663 0 0 
1491908097679 3 -2 
1491908097701 3 -2 
1491908097722 4 0 
1491908097743 3 -3 
1491908097759 5 -5 
1491908097782 2 -6 
1491908097803 5 -7 
1491908097819 6 -5 
1491908097841 9 -9 
1491908097862 8 -9 
1491908097878 11 -10 
1491908097901 13 -12 
1491908097922 15 -15 
1491908097938 17 -14 
1491908097961 17 -15 
1491908097982 20 -17 
1491908097998 21 -18 
1491908098021 19 -16 
1491908098042 17 -19 
1491908098047 17 -20 
1491908098079 18 -20 
1491908098101 18 -17 
1491908098122 18 -17 
1491908098127 18 -19 
1491908098159 19 -18 
1491908098182 17 -19 
1491908098203 18 -19 
1491908098219 19 -17 
1491908098242 19 -17 
1491908098279 39 -36 
1491908098301 17 -19 
1491908098322 18 -19 
1491908098343 18 -18 
1491908098359 20 -17 
1491908098381 19 -17 
1491908098402 18 -20 
1491908098418 18 -18 
1491908098441 17 -19 
1491908098462 19 -19 
1491908098483 19 -17 
1491908098499 21 -18 
1491908098521 19 -19 
1491908098542 18 -20 
1491908098558 18 -19 
1491908098581 18 -18 
1491908098602 20 -17 
1491908098623 21 -19 
1491908098639 18 -20 
1491908098662 17 -19 
1491908098683 18 -19 
1491908098699 20 -18 
1491908098721 20 -17 
1491908098742 20 -19 
1491908098762 18 -19 
1491908098778 18 -21 
1491908098801 19 -19 
1491908098822 20 -17 
1491908098838 21 -17 
1491908098861 19 -20 
1491908098882 19 -19 
1491908098898 18 -19 
1491908098921 18 -18 
1491908098942 22 -16 
1491908098958 22 -17 
1491908098981 20 -20 
1491908099002 21 -20 
1491908099018 19 -21 
1491908099041 20 -19 
1491908099062 19 -19 
1491908099083 19 -20 
1491908099099 18 -20 
1491908099122 18 -19 
1491908099143 19 -17 
1491908099159 20 -17 
1491908099181 19 -19 
1491908099201 20 -20 
1491908099222 19 -20 
1491908099238 19 -19 
1491908099261 21 -19 
1491908099282 20 -17 
1491908099298 20 -20 
1491908099321 19 -20 
1491908099342 19 -21 
1491908099348 19 -19 
1491908099379 19 -17 
1491908099401 19 -18 
1491908099422 18 -18 
1491908099438 18 -19 
1491908099461 15 -16 
1491908099482 18 -17 
1491908099503 17 -15 
1491908099519 17 -14 
1491908099542 14 -16 
1491908099563 14 -15 
1491908099579 13 -15 
1491908099601 14 -14 
1491908099622 15 -14 
1491908099642 15 -12 
1491908099658 14 -12 
1491908099681 13 -12 
1491908099702 11 -13 
1491908099718 9 -13 
1491908099741 11 -12 
1491908099762 12 -12 
1491908099783 11 -13 
1491908099799 11 -11 
1491908099821 11 -12 
1491908099842 11 -11 
1491908099858 11 -11 
1491908099881 9 -9 
1491908099902 8 -10 
1491908099923 7 -8 
1491908099939 9 -8 
1491908099961 7 -9 
1491908099982 8 -8 
1491908100019 18 -16 
1491908100041 8 -8 
1491908100062 8 -6 
1491908100083 8 -7 
1491908100099 6 -8 
1491908100122 6 -5 
1491908100142 6 -6 
1491908100158 7 -7 
1491908100181 6 -6 
1491908100202 6 -7 
1491908100223 6 -7 
1491908100239 7 -7 
1491908100261 7 -8 
1491908100282 7 -7 
1491908100298 7 -7 
1491908100321 7 -8 
1491908100342 8 -7 
1491908100363 6 -6 
1491908100379 7 -7 
1491908100401 6 -6 
1491908100422 6 -7 
1491908100427 6 -5 
1491908100459 6 -7 
1491908100481 7 -7 
1491908100502 6 -8 
1491908100523 6 -6 
1491908100539 5 -8 
1491908100562 8 -8 
1491908100583 6 -7 
1491908100599 8 -7 
1491908100621 7 -8 
1491908100642 7 -8 
1491908100663 7 -6 
1491908100679 8 -6 
1491908100701 7 -8 
1491908100722 6 -6 
1491908100738 6 -6 
1491908100761 7 -6 
1491908100782 7 -8 
1491908100803 7 -7 
1491908100819 6 -7 
1491908100862 13 -16 
1491908100867 6 -8 
1491908100899 7 -7 
1491908100921 8 -8 
1491908100942 7 -7 
1491908100963 7 -7 
1491908100979 8 -7 
1491908101002 7 -6 
1491908101023 7 -7 
1491908101039 7 -7 
1491908101062 8 -7 
1491908101083 7 -7 
1491908101098 7 -7 
STOP
1491908101121 7 -8 
1491908101142 7 -9 
1491908101158 4 -4 
1491908101181 -4 2 
