1491907636728 0 0 
1491907636775 0 0 
1491907636791 0 0 
1491907636814 0 0 
1491907636835 0 0 
1491907636840 0 0 
1491907636872 0 0 
1491907636894 0 0 
1491907636915 0 0 
1491907636931 0 0 
1491907636954 0 0 
1491907636975 0 0 
1491907636996 0 0 
1491907637012 0 0 
1491907637034 0 0 
1491907637055 0 0 
1491907637071 0 0 
1491907637093 0 0 
1491907637114 0 0 
1491907637135 0 0 
1491907637151 0 0 
1491907637174 0 0 
1491907637195 0 0 
1491907637211 0 0 
1491907637234 0 0 
1491907637255 0 0 
1491907637271 0 0 
1491907637294 0 0 
1491907637315 0 0 
1491907637331 0 0 
1491907637354 0 0 
1491907637375 0 0 
1491907637391 0 0 
1491907637414 0 0 
1491907637435 0 0 
1491907637456 0 0 
1491907637472 0 0 
1491907637493 0 0 
1491907637514 0 0 
1491907637520 0 0 
1491907637551 0 0 
1491907637574 0 0 
1491907637595 0 0 
1491907637611 0 0 
1491907637633 0 0 
1491907637654 0 0 
1491907637675 0 0 
1491907637696 0 0 
1491907637712 0 0 
STRAIGHT: 3.00000
1491907637734 0 0 
1491907637755 0 0 
1491907637771 0 0 
1491907637794 0 0 
1491907637815 0 0 
1491907637836 0 0 
1491907637852 0 0 
1491907637874 0 0 
1491907637895 0 0 
1491907637911 3 2 
1491907637934 7 8 
1491907637955 6 8 
1491907637960 5 5 
1491907637992 7 6 
1491907638014 7 8 
1491907638035 9 9 
1491907638040 10 9 
1491907638071 11 13 
1491907638093 11 13 
1491907638114 14 15 
1491907638135 15 15 
1491907638151 18 18 
1491907638174 18 17 
1491907638195 18 19 
1491907638211 19 18 
1491907638234 20 20 
1491907638255 20 22 
1491907638276 24 24 
1491907638292 25 24 
1491907638314 24 25 
1491907638335 25 25 
1491907638351 26 26 
1491907638374 29 29 
1491907638395 29 30 
1491907638416 30 32 
1491907638432 31 31 
1491907638454 33 31 
1491907638474 32 33 
1491907638496 34 35 
1491907638511 35 36 
1491907638533 38 37 
1491907638554 37 37 
1491907638575 39 40 
1491907638591 38 40 
1491907638614 42 39 
1491907638635 41 41 
1491907638651 43 45 
1491907638674 44 45 
1491907638695 45 44 
1491907638716 46 46 
1491907638732 47 48 
1491907638754 46 47 
1491907638775 48 45 
1491907638791 46 46 
1491907638814 48 48 
1491907638835 46 49 
1491907638856 46 47 
1491907638872 48 46 
1491907638894 48 47 
1491907638915 47 49 
1491907638931 44 48 
1491907638953 45 44 
1491907638974 45 45 
1491907638995 50 48 
1491907639011 49 48 
1491907639034 47 49 
1491907639055 49 48 
1491907639071 48 46 
1491907639093 48 47 
1491907639114 45 48 
1491907639135 46 49 
1491907639156 47 48 
1491907639194 97 94 
1491907639215 47 47 
1491907639231 47 45 
1491907639254 49 48 
1491907639275 49 49 
1491907639296 48 50 
1491907639312 46 48 
1491907639334 45 45 
1491907639355 48 46 
1491907639371 46 47 
1491907639394 48 48 
1491907639415 49 48 
1491907639435 48 50 
1491907639451 50 48 
1491907639474 48 48 
1491907639495 50 48 
1491907639511 49 48 
1491907639533 49 49 
1491907639554 48 48 
1491907639575 48 49 
1491907639591 48 48 
1491907639614 48 48 
1491907639635 49 48 
1491907639651 47 48 
1491907639674 48 49 
1491907639695 48 48 
1491907639711 49 48 
1491907639734 49 47 
1491907639755 48 50 
1491907639771 49 49 
1491907639794 48 49 
1491907639815 49 49 
1491907639831 49 48 
1491907639854 48 48 
1491907639875 48 50 
1491907639896 49 47 
1491907639912 46 47 
1491907639933 49 49 
1491907639975 103 101 
1491907639991 50 48 
1491907640014 49 50 
1491907640035 50 50 
1491907640051 49 50 
1491907640074 49 50 
1491907640095 47 48 
1491907640111 49 48 
1491907640134 49 49 
1491907640155 51 50 
1491907640171 48 49 
1491907640194 48 48 
1491907640215 49 48 
1491907640231 49 49 
1491907640254 49 49 
1491907640275 49 50 
1491907640296 50 49 
1491907640312 51 50 
1491907640355 98 100 
1491907640360 48 49 
1491907640391 50 49 
1491907640413 51 50 
1491907640434 50 50 
1491907640455 50 51 
1491907640471 49 50 
1491907640494 49 49 
1491907640515 51 50 
1491907640531 49 49 
1491907640554 51 50 
1491907640575 51 51 
1491907640596 50 49 
1491907640612 48 49 
1491907640634 50 49 
1491907640655 50 50 
1491907640671 50 50 
1491907640694 50 51 
1491907640715 50 51 
1491907640736 50 50 
1491907640752 50 49 
1491907640774 51 49 
1491907640811 100 101 
1491907640834 49 51 
1491907640855 50 49 
1491907640876 50 50 
1491907640892 51 50 
1491907640913 50 51 
1491907640934 51 51 
1491907640955 50 50 
1491907640971 50 50 
1491907640993 51 50 
1491907641014 51 51 
1491907641035 51 51 
1491907641051 50 51 
1491907641074 50 50 
1491907641095 50 50 
1491907641111 51 49 
1491907641134 49 50 
1491907641155 47 49 
1491907641176 50 50 
1491907641192 53 52 
1491907641214 53 53 
1491907641235 52 51 
1491907641251 49 49 
1491907641274 48 49 
1491907641295 48 48 
1491907641316 50 48 
1491907641332 51 50 
1491907641354 52 51 
1491907641374 52 52 
1491907641380 50 52 
1491907641411 52 51 
1491907641433 51 50 
1491907641454 51 51 
1491907641475 52 53 
1491907641491 52 52 
1491907641514 50 52 
1491907641535 51 49 
1491907641551 51 51 
1491907641574 52 52 
1491907641595 51 52 
1491907641616 51 52 
1491907641632 49 50 
1491907641654 51 50 
1491907641675 50 49 
1491907641691 51 51 
1491907641714 52 51 
1491907641735 51 52 
1491907641756 47 48 
1491907641772 45 44 
1491907641794 49 46 
1491907641820 108 108 
1491907641851 53 53 
1491907641873 52 51 
1491907641894 52 53 
1491907641915 53 54 
1491907641931 53 52 
1491907641954 54 51 
1491907641975 52 51 
1491907641991 52 52 
1491907642014 52 53 
1491907642035 53 52 
1491907642051 52 52 
1491907642074 52 51 
1491907642095 52 52 
1491907642111 53 52 
1491907642134 52 53 
1491907642155 51 51 
1491907642171 49 51 
1491907642194 49 48 
1491907642215 50 50 
1491907642220 51 51 
1491907642252 51 51 
1491907642274 52 53 
1491907642295 52 52 
1491907642300 52 51 
1491907642331 52 53 
1491907642354 53 52 
1491907642375 53 53 
1491907642391 52 52 
1491907642413 51 51 
1491907642455 104 105 
1491907642476 51 53 
1491907642492 51 51 
1491907642514 51 51 
1491907642535 53 53 
1491907642551 51 52 
1491907642574 53 53 
1491907642595 53 52 
1491907642616 52 52 
1491907642632 51 52 
1491907642654 51 51 
1491907642675 52 51 
1491907642691 52 52 
1491907642714 53 54 
1491907642735 52 52 
1491907642751 51 52 
1491907642774 53 52 
1491907642795 54 52 
1491907642815 52 53 
1491907642831 52 52 
1491907642853 52 53 
1491907642874 53 52 
1491907642895 52 52 
1491907642916 52 53 
1491907642932 52 53 
1491907642954 53 52 
1491907642975 52 53 
1491907642991 52 50 
1491907643014 54 52 
1491907643035 53 53 
1491907643056 53 54 
1491907643072 51 51 
1491907643094 51 51 
1491907643115 53 51 
1491907643131 50 52 
1491907643154 53 51 
1491907643175 52 53 
1491907643196 52 52 
1491907643212 51 52 
1491907643234 53 52 
1491907643255 52 52 
1491907643276 51 53 
1491907643291 52 52 
1491907643313 53 52 
1491907643334 53 52 
1491907643355 52 53 
1491907643371 52 53 
1491907643394 52 53 
1491907643415 52 52 
1491907643431 52 51 
1491907643454 53 53 
1491907643475 52 52 
1491907643496 53 53 
1491907643512 53 52 
1491907643555 105 105 
1491907643571 53 53 
1491907643594 53 53 
1491907643615 54 53 
1491907643636 53 55 
1491907643652 52 52 
1491907643674 50 50 
1491907643695 51 51 
1491907643700 52 51 
1491907643732 51 52 
1491907643754 53 52 
1491907643775 53 51 
1491907643795 53 54 
1491907643811 53 53 
1491907643834 52 52 
1491907643855 53 54 
1491907643871 54 53 
1491907643894 53 53 
1491907643915 53 54 
1491907643931 53 53 
1491907643954 52 53 
1491907643975 53 52 
1491907643991 51 52 
1491907644014 53 52 
1491907644035 52 54 
1491907644051 53 52 
1491907644074 53 52 
1491907644095 54 52 
1491907644100 52 54 
1491907644132 53 53 
1491907644154 53 54 
1491907644175 54 52 
1491907644180 52 53 
1491907644212 54 54 
1491907644235 53 53 
1491907644256 53 52 
1491907644272 52 53 
1491907644294 52 53 
1491907644315 54 52 
1491907644331 54 54 
1491907644354 53 54 
1491907644375 53 54 
1491907644391 53 53 
1491907644414 54 52 
1491907644435 52 53 
1491907644451 53 54 
1491907644474 52 52 
1491907644495 55 54 
1491907644511 54 53 
1491907644534 54 55 
1491907644555 54 54 
1491907644571 53 52 
1491907644594 53 52 
1491907644615 52 54 
1491907644620 53 53 
1491907644652 55 54 
1491907644675 53 54 
1491907644696 53 53 
1491907644733 106 105 
1491907644754 54 53 
1491907644775 53 53 
1491907644796 52 53 
1491907644812 54 53 
1491907644834 56 56 
1491907644855 56 54 
1491907644871 51 53 
1491907644894 51 51 
1491907644915 52 52 
1491907644936 53 51 
1491907644952 53 53 
1491907644974 55 56 
1491907644995 55 55 
1491907645011 54 55 
1491907645034 55 54 
1491907645055 54 53 
1491907645076 56 56 
1491907645092 54 55 
1491907645115 55 55 
1491907645136 55 54 
1491907645152 52 52 
1491907645174 54 53 
1491907645195 54 53 
1491907645216 55 55 
1491907645232 54 54 
1491907645254 54 53 
1491907645275 54 53 
1491907645291 54 54 
1491907645314 54 55 
1491907645335 53 55 
1491907645351 53 52 
1491907645374 48 46 
1491907645395 50 52 
1491907645411 54 54 
1491907645434 58 58 
1491907645455 58 56 
1491907645471 56 55 
1491907645494 54 53 
1491907645515 56 57 
1491907645520 58 57 
1491907645552 57 55 
1491907645574 55 54 
1491907645595 53 54 
1491907645600 55 56 
1491907645632 56 56 
1491907645655 57 56 
1491907645676 55 55 
1491907645692 55 55 
1491907645715 55 56 
1491907645736 55 55 
1491907645751 55 55 
1491907645774 52 53 
1491907645795 52 52 
1491907645811 53 54 
1491907645834 53 54 
1491907645855 55 55 
1491907645871 54 54 
1491907645894 57 55 
1491907645915 55 55 
1491907645931 56 55 
1491907645954 54 57 
1491907645975 55 56 
1491907645991 55 55 
1491907646014 56 54 
1491907646051 107 108 
1491907646074 54 55 
1491907646095 56 54 
1491907646116 54 55 
1491907646132 55 55 
1491907646155 54 55 
1491907646176 55 54 
1491907646192 54 55 
1491907646214 56 54 
1491907646255 111 111 
1491907646271 54 56 
1491907646294 54 54 
1491907646315 56 54 
1491907646331 55 56 
1491907646354 54 55 
1491907646375 54 56 
1491907646391 55 54 
1491907646414 55 54 
1491907646435 56 56 
1491907646451 55 55 
1491907646474 55 54 
1491907646495 54 54 
1491907646511 53 55 
1491907646534 55 55 
1491907646555 55 56 
1491907646576 56 56 
1491907646592 55 55 
1491907646614 55 56 
1491907646656 109 108 
1491907646677 55 54 
1491907646692 52 53 
1491907646714 54 55 
1491907646735 55 54 
1491907646751 54 54 
1491907646774 54 56 
1491907646795 55 55 
1491907646816 55 55 
1491907646832 55 55 
1491907646854 55 54 
1491907646875 56 56 
1491907646891 54 56 
1491907646914 55 55 
1491907646935 54 53 
1491907646956 56 55 
1491907646972 54 55 
1491907646994 55 55 
1491907647015 55 55 
1491907647036 54 55 
1491907647052 54 54 
1491907647074 54 55 
1491907647095 54 55 
1491907647116 57 56 
1491907647132 55 56 
1491907647155 56 55 
1491907647175 54 53 
1491907647191 54 54 
1491907647214 54 54 
1491907647235 55 55 
1491907647256 56 55 
1491907647272 55 55 
1491907647294 55 56 
1491907647315 54 56 
1491907647331 55 55 
1491907647354 55 55 
1491907647375 55 55 
1491907647396 57 56 
1491907647412 56 55 
1491907647434 55 55 
1491907647455 54 55 
1491907647471 55 53 
1491907647494 55 55 
1491907647515 55 55 
1491907647536 54 55 
1491907647552 55 55 
1491907647575 56 55 
1491907647596 55 54 
1491907647612 55 56 
1491907647634 55 56 
1491907647655 55 56 
1491907647675 57 54 
1491907647697 56 56 
1491907647712 54 55 
1491907647734 55 56 
1491907647755 55 54 
1491907647771 55 55 
1491907647794 55 55 
1491907647815 55 56 
1491907647836 56 56 
1491907647852 55 54 
1491907647874 56 55 
1491907647895 56 56 
1491907647911 55 55 
1491907647934 55 54 
1491907647955 56 56 
1491907647976 55 57 
1491907647992 56 56 
1491907648015 54 55 
1491907648036 55 55 
1491907648052 54 55 
1491907648074 56 54 
1491907648095 56 56 
1491907648116 58 56 
1491907648132 55 56 
1491907648155 55 56 
1491907648175 55 54 
1491907648191 56 54 
1491907648214 56 56 
1491907648235 55 56 
1491907648251 54 56 
1491907648274 58 56 
1491907648295 55 55 
1491907648311 56 57 
1491907648334 55 56 
1491907648355 55 54 
1491907648371 55 55 
1491907648394 56 55 
1491907648415 56 57 
1491907648436 56 55 
1491907648452 55 56 
1491907648474 55 54 
1491907648495 55 54 
1491907648500 57 55 
1491907648532 56 56 
1491907648555 56 57 
1491907648576 55 56 
1491907648592 56 56 
1491907648615 56 55 
1491907648636 54 56 
1491907648651 56 56 
1491907648674 56 56 
1491907648695 56 55 
1491907648711 56 56 
1491907648734 56 55 
1491907648755 55 56 
1491907648771 54 55 
1491907648794 55 54 
1491907648815 57 55 
1491907648836 57 58 
1491907648852 57 57 
1491907648874 57 56 
1491907648895 55 56 
1491907648911 54 54 
1491907648934 55 54 
1491907648955 55 56 
1491907648971 55 56 
1491907648994 56 56 
1491907649015 57 55 
1491907649036 56 56 
1491907649052 56 56 
1491907649074 54 57 
1491907649095 56 56 
1491907649116 57 55 
1491907649121 57 57 
1491907649153 56 56 
1491907649174 55 57 
1491907649195 56 55 
1491907649211 56 55 
1491907649234 56 56 
1491907649255 56 57 
1491907649276 56 56 
1491907649292 56 55 
1491907649314 56 56 
1491907649335 55 55 
1491907649351 56 55 
1491907649374 55 56 
1491907649395 56 56 
1491907649416 57 57 
1491907649432 57 55 
1491907649454 56 55 
1491907649475 55 57 
1491907649480 56 56 
1491907649512 57 56 
1491907649534 57 56 
1491907649555 55 57 
1491907649576 57 57 
1491907649592 55 56 
1491907649615 55 56 
1491907649635 56 56 
1491907649651 56 55 
1491907649674 55 57 
1491907649695 55 56 
1491907649716 57 55 
1491907649732 57 56 
1491907649754 57 56 
1491907649775 55 57 
1491907649791 56 55 
1491907649814 57 56 
1491907649835 56 56 
1491907649856 57 57 
1491907649872 55 57 
1491907649894 56 54 
1491907649915 57 51 
1491907649931 55 51 
1491907649954 58 55 
1491907649975 57 58 
1491907649996 57 59 
1491907650012 58 58 
1491907650035 56 58 
1491907650056 54 56 
1491907650072 52 52 
1491907650093 53 52 
1491907650114 56 56 
1491907650135 56 53 
1491907650156 59 57 
1491907650172 57 58 
1491907650194 57 59 
1491907650231 116 114 
1491907650254 57 59 
1491907650275 57 60 
1491907650296 58 58 
1491907650312 55 58 
1491907650334 55 56 
1491907650355 55 55 
1491907650371 54 54 
1491907650394 54 54 
1491907650415 53 54 
1491907650436 53 52 
1491907650452 52 51 
1491907650475 52 51 
1491907650496 50 52 
1491907650512 48 50 
1491907650534 42 43 
1491907650555 45 44 
1491907650576 48 50 
1491907650592 51 50 
1491907650614 49 49 
1491907650635 47 46 
1491907650651 45 45 
1491907650674 46 47 
1491907650695 47 44 
1491907650711 45 43 
1491907650734 44 43 
1491907650755 42 43 
1491907650771 42 42 
1491907650794 42 42 
1491907650815 41 40 
1491907650831 40 40 
1491907650854 36 38 
1491907650875 37 38 
1491907650896 37 36 
1491907650912 38 37 
1491907650934 37 37 
1491907650955 36 37 
1491907650976 37 35 
1491907650992 35 35 
1491907651015 35 37 
1491907651036 34 35 
1491907651052 33 35 
1491907651075 33 32 
1491907651095 35 33 
1491907651111 32 33 
1491907651134 32 33 
1491907651155 33 32 
1491907651171 32 32 
1491907651194 30 31 
1491907651215 30 32 
1491907651231 30 30 
1491907651254 29 29 
1491907651275 28 29 
1491907651291 30 29 
1491907651314 29 29 
1491907651335 27 28 
1491907651356 27 28 
1491907651372 28 26 
1491907651394 25 26 
1491907651415 25 26 
1491907651436 26 26 
1491907651452 28 24 
1491907651475 24 26 
1491907651496 24 26 
1491907651512 25 25 
1491907651535 25 23 
1491907651555 24 23 
1491907651571 23 24 
1491907651594 23 25 
1491907651615 23 22 
1491907651631 23 21 
1491907651654 21 22 
1491907651675 21 23 
1491907651691 21 21 
1491907651714 22 20 
1491907651735 21 21 
1491907651740 19 22 
1491907651772 20 20 
1491907651794 19 19 
1491907651815 20 18 
1491907651831 19 19 
1491907651854 19 20 
1491907651875 19 19 
1491907651896 18 18 
1491907651912 17 18 
1491907651935 18 19 
1491907651956 19 17 
1491907651972 18 17 
1491907651994 17 17 
1491907652015 15 17 
1491907652036 15 16 
1491907652052 18 17 
1491907652074 17 17 
1491907652095 17 16 
1491907652111 16 15 
1491907652134 15 14 
1491907652155 14 15 
1491907652176 15 17 
1491907652192 16 15 
1491907652214 16 14 
1491907652235 15 13 
1491907652251 12 13 
1491907652274 13 14 
1491907652295 13 13 
1491907652316 14 14 
1491907652332 14 15 
1491907652354 15 13 
1491907652375 13 12 
1491907652396 12 12 
1491907652412 12 11 
1491907652434 12 12 
1491907652455 12 12 
1491907652476 12 12 
1491907652492 12 13 
1491907652515 12 12 
1491907652535 12 11 
1491907652551 11 9 
1491907652574 11 10 
1491907652595 10 10 
1491907652616 10 10 
1491907652632 11 11 
1491907652654 9 10 
1491907652675 10 10 
1491907652691 10 10 
1491907652714 10 11 
1491907652735 11 9 
1491907652756 10 10 
1491907652772 10 10 
1491907652794 11 9 
1491907652815 10 10 
1491907652836 9 9 
1491907652852 10 10 
1491907652874 9 10 
1491907652895 10 11 
1491907652916 10 11 
1491907652932 11 10 
1491907652954 10 10 
1491907652975 10 9 
1491907652991 10 10 
1491907653014 9 10 
1491907653035 10 10 
1491907653051 9 10 
1491907653074 10 9 
1491907653095 10 10 
1491907653111 10 10 
1491907653134 10 10 
1491907653155 10 10 
ROTATE: 1.57080
1491907653171 4 2 
1491907653194 -2 -3 
1491907653215 0 1 
1491907653236 0 0 
1491907653252 0 0 
1491907653274 0 0 
1491907653295 3 -3 
1491907653316 4 -2 
1491907653332 4 -3 
1491907653355 5 -1 
1491907653376 7 -4 
1491907653392 4 -6 
1491907653415 3 -8 
1491907653435 5 -6 
1491907653451 7 -8 
1491907653474 10 -9 
1491907653495 10 -12 
1491907653511 12 -12 
1491907653534 14 -14 
1491907653555 15 -14 
1491907653571 19 -14 
1491907653594 19 -16 
1491907653615 20 -17 
1491907653636 16 -19 
1491907653652 17 -20 
1491907653674 18 -19 
1491907653695 19 -17 
1491907653700 19 -18 
1491907653732 19 -16 
1491907653754 20 -18 
1491907653775 17 -19 
1491907653796 18 -19 
1491907653812 19 -17 
1491907653835 21 -17 
1491907653856 20 -16 
1491907653872 20 -19 
1491907653894 18 -19 
1491907653915 20 -18 
1491907653931 19 -19 
1491907653954 20 -18 
1491907653975 18 -19 
1491907653991 17 -20 
1491907654014 18 -18 
1491907654035 17 -18 
1491907654056 17 -17 
1491907654072 20 -17 
1491907654094 19 -17 
1491907654115 19 -20 
1491907654120 18 -18 
1491907654152 19 -19 
1491907654174 19 -18 
1491907654195 20 -17 
1491907654216 20 -20 
1491907654232 18 -20 
1491907654255 19 -19 
1491907654276 17 -18 
1491907654292 19 -19 
1491907654315 19 -17 
1491907654336 19 -19 
1491907654357 19 -19 
1491907654372 19 -18 
1491907654394 18 -19 
1491907654415 20 -17 
1491907654431 21 -18 
1491907654454 19 -21 
1491907654475 20 -20 
1491907654496 18 -19 
1491907654512 18 -19 
1491907654534 20 -18 
1491907654555 19 -20 
1491907654571 19 -19 
1491907654594 19 -20 
1491907654615 18 -19 
1491907654636 20 -18 
1491907654652 21 -18 
1491907654675 20 -20 
1491907654696 20 -19 
1491907654712 19 -20 
1491907654734 19 -19 
1491907654755 20 -17 
1491907654776 21 -21 
1491907654792 19 -19 
1491907654815 21 -19 
1491907654836 19 -20 
1491907654852 19 -19 
1491907654874 20 -18 
1491907654895 20 -20 
1491907654916 20 -21 
1491907654932 19 -20 
1491907654954 20 -17 
1491907654975 20 -17 
1491907654991 19 -18 
1491907655014 18 -19 
1491907655035 18 -19 
1491907655041 18 -17 
1491907655072 18 -16 
1491907655095 17 -17 
1491907655116 16 -17 
1491907655132 15 -15 
1491907655154 14 -15 
1491907655175 15 -17 
1491907655196 15 -14 
1491907655217 15 -13 
1491907655233 15 -12 
1491907655255 13 -13 
1491907655276 12 -12 
1491907655292 11 -11 
1491907655315 12 -12 
1491907655336 12 -11 
1491907655356 13 -12 
1491907655372 12 -9 
1491907655394 11 -11 
1491907655415 12 -11 
1491907655431 9 -10 
1491907655454 9 -8 
1491907655475 7 -8 
1491907655496 9 -8 
1491907655512 9 -8 
1491907655534 8 -8 
1491907655555 9 -7 
1491907655592 19 -18 
1491907655614 9 -8 
1491907655635 8 -9 
1491907655656 9 -8 
1491907655672 7 -6 
1491907655695 6 -7 
1491907655716 5 -6 
1491907655732 6 -5 
1491907655755 6 -5 
1491907655776 6 -5 
1491907655797 7 -6 
1491907655813 7 -8 
1491907655834 7 -7 
1491907655855 9 -7 
1491907655894 17 -16 
1491907655915 9 -8 
1491907655936 8 -8 
1491907655952 7 -8 
1491907655974 7 -6 
1491907655995 6 -6 
1491907656011 6 -7 
1491907656034 6 -6 
1491907656055 6 -5 
1491907656076 6 -5 
1491907656092 6 -6 
1491907656115 7 -7 
1491907656136 8 -6 
1491907656152 9 -7 
1491907656174 8 -8 
1491907656195 8 -8 
1491907656216 9 -8 
1491907656221 8 -8 
1491907656253 8 -9 
1491907656275 7 -8 
1491907656296 6 -6 
1491907656312 6 -7 
1491907656335 6 -7 
1491907656356 7 -5 
1491907656376 6 -5 
1491907656392 6 -6 
1491907656414 8 -7 
1491907656435 9 -7 
1491907656451 8 -6 
1491907656474 9 -9 
1491907656495 10 -8 
1491907656516 8 -8 
1491907656532 7 -9 
1491907656555 8 -9 
1491907656576 7 -8 
1491907656592 7 -7 
1491907656614 5 -7 
1491907656635 6 -6 
STOP
1491907656656 6 -6 
1491907656672 6 -5 
STRAIGHT: 3.00000
1491907656695 0 0 
1491907656716 0 1 
1491907656732 0 0 
1491907656755 1 0 
1491907656776 0 0 
1491907656792 1 1 
1491907656815 2 2 
1491907656836 3 4 
1491907656852 4 5 
1491907656874 4 4 
1491907656895 6 5 
1491907656911 6 7 
1491907656934 6 7 
1491907656955 9 8 
1491907656961 8 8 
1491907656992 10 10 
1491907657014 9 10 
1491907657035 12 12 
1491907657041 13 14 
1491907657072 14 15 
1491907657094 17 17 
1491907657115 18 18 
1491907657136 17 16 
1491907657152 17 17 
1491907657174 19 18 
1491907657195 20 20 
1491907657216 23 25 
1491907657237 24 25 
1491907657253 26 25 
1491907657275 23 23 
1491907657296 25 27 
1491907657312 28 27 
1491907657335 29 29 
1491907657356 28 31 
1491907657372 31 30 
1491907657394 32 32 
1491907657415 33 34 
1491907657431 33 33 
1491907657454 35 35 
1491907657475 39 37 
1491907657491 39 37 
1491907657514 39 39 
1491907657535 38 38 
1491907657556 40 40 
1491907657572 41 44 
1491907657594 43 46 
1491907657615 43 44 
1491907657636 47 44 
1491907657652 46 47 
1491907657675 46 46 
1491907657696 46 46 
1491907657712 48 46 
1491907657735 47 48 
1491907657756 46 46 
1491907657772 47 47 
1491907657795 46 47 
1491907657816 47 47 
1491907657832 47 48 
1491907657855 47 48 
1491907657875 47 48 
1491907657891 46 47 
1491907657914 46 46 
1491907657935 48 47 
1491907657956 47 47 
1491907657972 48 48 
1491907657994 48 47 
1491907658015 47 47 
1491907658020 47 47 
1491907658052 47 48 
1491907658074 47 48 
1491907658095 48 48 
1491907658116 48 48 
1491907658132 48 47 
1491907658155 46 48 
1491907658176 48 46 
1491907658192 46 47 
1491907658215 48 48 
1491907658236 48 47 
1491907658257 49 48 
1491907658273 48 48 
1491907658295 48 49 
1491907658316 49 49 
1491907658331 47 47 
1491907658354 47 48 
1491907658375 48 47 
1491907658396 47 47 
1491907658412 48 47 
1491907658434 49 49 
1491907658455 48 49 
1491907658471 48 48 
1491907658494 49 47 
1491907658515 47 48 
1491907658536 48 50 
1491907658552 48 49 
1491907658575 49 48 
1491907658596 48 48 
1491907658612 49 49 
1491907658634 48 49 
1491907658676 98 97 
1491907658697 48 49 
1491907658713 49 47 
1491907658735 49 49 
1491907658755 48 48 
1491907658771 48 48 
1491907658794 49 50 
1491907658815 50 50 
1491907658836 50 49 
1491907658852 48 49 
1491907658874 49 49 
1491907658895 49 49 
1491907658911 50 50 
1491907658934 49 49 
1491907658955 49 49 
1491907658976 49 49 
1491907658992 49 49 
1491907659015 49 48 
1491907659036 48 49 
1491907659052 50 50 
1491907659074 49 50 
1491907659095 50 48 
1491907659116 50 49 
1491907659132 49 49 
1491907659155 49 50 
1491907659176 50 50 
1491907659192 50 49 
1491907659214 49 49 
1491907659235 49 48 
1491907659251 50 50 
1491907659274 51 51 
1491907659295 50 50 
1491907659311 50 49 
1491907659334 48 49 
1491907659355 49 50 
1491907659371 49 48 
1491907659394 49 50 
1491907659415 51 50 
1491907659436 50 50 
1491907659452 50 50 
1491907659474 50 49 
1491907659495 51 50 
1491907659516 49 51 
1491907659532 51 50 
1491907659555 49 50 
1491907659576 49 49 
1491907659592 50 50 
1491907659615 50 51 
1491907659635 49 49 
1491907659651 49 49 
1491907659674 50 50 
1491907659695 50 49 
1491907659716 52 52 
1491907659732 51 50 
1491907659754 50 50 
1491907659791 100 100 
1491907659814 49 49 
1491907659835 50 50 
1491907659856 51 52 
1491907659872 50 49 
1491907659894 50 50 
1491907659915 51 50 
1491907659920 50 50 
1491907659952 50 51 
1491907659974 50 51 
1491907659995 51 51 
1491907660016 50 50 
1491907660032 52 50 
1491907660055 51 51 
1491907660076 50 52 
1491907660091 52 51 
1491907660114 49 51 
1491907660135 50 50 
1491907660151 50 50 
1491907660174 52 49 
1491907660195 52 51 
1491907660211 51 52 
1491907660234 50 49 
1491907660255 50 51 
1491907660271 51 51 
1491907660294 51 52 
1491907660315 51 50 
1491907660336 51 51 
1491907660352 51 51 
1491907660374 50 51 
1491907660395 52 51 
1491907660416 51 51 
1491907660432 51 51 
1491907660455 51 50 
1491907660476 50 51 
1491907660492 51 51 
1491907660515 51 52 
1491907660536 51 51 
1491907660552 52 51 
1491907660574 51 51 
1491907660595 50 51 
1491907660611 50 51 
1491907660634 52 52 
1491907660655 51 50 
1491907660671 51 51 
1491907660694 51 51 
1491907660715 52 53 
1491907660720 52 51 
1491907660752 50 51 
1491907660774 51 51 
1491907660795 51 51 
1491907660811 50 50 
1491907660834 51 51 
1491907660855 52 53 
1491907660876 52 52 
1491907660892 52 51 
1491907660915 51 50 
1491907660936 51 50 
1491907660952 51 52 
1491907660975 53 53 
1491907660996 52 52 
1491907661017 51 51 
1491907661032 52 52 
1491907661054 51 52 
1491907661075 51 52 
1491907661091 51 51 
1491907661114 53 52 
1491907661135 52 52 
1491907661156 52 52 
1491907661172 51 51 
1491907661194 51 52 
1491907661215 52 51 
1491907661254 102 100 
1491907661275 51 51 
1491907661296 52 54 
1491907661312 53 52 
1491907661334 53 53 
1491907661355 52 52 
1491907661376 51 51 
1491907661392 53 53 
1491907661414 52 52 
1491907661435 52 53 
1491907661456 51 52 
1491907661472 52 52 
1491907661494 52 51 
1491907661515 52 52 
1491907661531 52 52 
1491907661554 52 53 
1491907661575 52 51 
1491907661596 52 51 
1491907661612 52 52 
1491907661634 52 54 
1491907661655 52 52 
1491907661671 53 51 
1491907661694 52 52 
1491907661715 52 53 
1491907661736 52 53 
1491907661752 53 53 
1491907661774 52 52 
1491907661795 54 52 
1491907661800 52 52 
1491907661832 54 53 
1491907661854 54 52 
1491907661875 53 52 
1491907661896 52 52 
1491907661912 51 51 
1491907661935 52 52 
1491907661956 51 52 
1491907661972 53 53 
1491907661994 52 52 
1491907662015 54 53 
1491907662031 52 52 
1491907662054 53 52 
1491907662075 52 53 
1491907662091 53 52 
1491907662114 53 52 
1491907662135 52 52 
1491907662151 52 53 
1491907662174 52 53 
1491907662195 53 53 
1491907662200 52 52 
1491907662232 53 51 
1491907662254 52 53 
1491907662275 53 53 
1491907662291 53 53 
1491907662314 55 52 
1491907662335 52 52 
1491907662356 52 53 
1491907662372 53 53 
1491907662394 51 52 
1491907662415 53 52 
1491907662436 54 53 
1491907662441 53 54 
1491907662472 52 53 
1491907662494 53 53 
1491907662515 53 54 
1491907662531 53 52 
1491907662554 52 51 
1491907662575 52 51 
1491907662596 53 55 
1491907662612 53 54 
1491907662634 53 53 
1491907662655 53 52 
1491907662671 53 52 
1491907662694 53 54 
1491907662715 54 54 
1491907662731 53 53 
1491907662754 53 52 
1491907662775 54 53 
1491907662796 52 53 
1491907662834 105 106 
1491907662855 54 54 
1491907662876 53 52 
1491907662896 54 54 
1491907662912 52 52 
1491907662934 54 54 
1491907662955 54 54 
1491907662971 53 52 
1491907662994 53 52 
1491907663015 53 52 
1491907663036 54 54 
1491907663052 53 54 
1491907663074 53 53 
1491907663095 54 53 
1491907663111 53 52 
1491907663134 53 54 
1491907663155 52 54 
1491907663176 55 54 
1491907663192 53 53 
1491907663214 54 53 
1491907663256 106 108 
1491907663272 54 54 
1491907663294 54 53 
1491907663315 53 53 
1491907663336 54 54 
1491907663352 53 53 
1491907663374 53 54 
1491907663395 54 53 
1491907663411 54 53 
1491907663434 52 54 
1491907663455 53 53 
1491907663476 55 55 
1491907663492 53 54 
1491907663514 54 53 
1491907663535 53 54 
1491907663551 52 53 
1491907663574 54 54 
1491907663595 54 54 
1491907663616 54 55 
1491907663632 53 53 
1491907663654 54 53 
1491907663675 54 54 
1491907663680 54 54 
1491907663712 54 54 
1491907663734 55 54 
1491907663755 53 54 
1491907663776 53 53 
1491907663792 53 54 
1491907663814 54 53 
1491907663835 53 53 
1491907663851 54 54 
1491907663874 53 54 
1491907663895 53 54 
1491907663916 54 53 
1491907663932 53 54 
1491907663954 55 54 
1491907663975 53 54 
1491907663991 52 54 
1491907664014 55 54 
1491907664035 55 55 
1491907664056 55 55 
1491907664072 55 55 
1491907664094 54 54 
1491907664115 54 55 
1491907664120 53 53 
1491907664152 54 53 
1491907664174 54 54 
1491907664195 55 55 
1491907664216 55 55 
1491907664232 55 55 
1491907664255 55 54 
1491907664275 52 53 
1491907664292 53 54 
1491907664314 54 54 
1491907664335 54 55 
1491907664351 55 53 
1491907664374 55 53 
1491907664395 55 55 
1491907664411 55 54 
1491907664434 55 55 
1491907664455 55 55 
1491907664471 54 53 
1491907664494 53 54 
1491907664515 52 54 
1491907664520 55 55 
1491907664574 109 108 
1491907664595 54 53 
1491907664600 54 55 
1491907664632 56 56 
1491907664654 54 54 
1491907664675 55 53 
1491907664696 55 54 
1491907664712 53 55 
1491907664734 54 55 
1491907664755 54 54 
1491907664776 56 55 
1491907664791 53 53 
1491907664814 54 55 
1491907664835 54 53 
1491907664851 55 55 
1491907664874 55 56 
1491907664895 54 55 
1491907664916 55 53 
1491907664932 55 54 
1491907664954 54 55 
1491907664975 54 55 
1491907664991 54 53 
1491907665014 56 55 
1491907665035 54 55 
1491907665051 55 55 
1491907665074 55 56 
1491907665095 55 54 
1491907665116 55 53 
1491907665154 109 109 
1491907665175 55 55 
1491907665196 56 55 
1491907665217 54 54 
1491907665233 53 54 
1491907665254 55 55 
1491907665275 54 54 
1491907665291 54 54 
1491907665314 55 56 
1491907665335 55 54 
1491907665356 56 55 
1491907665372 56 55 
1491907665394 55 55 
1491907665415 55 55 
1491907665431 54 53 
1491907665454 54 55 
1491907665475 55 56 
1491907665496 56 56 
1491907665512 55 55 
1491907665534 55 55 
1491907665555 54 55 
1491907665560 55 54 
1491907665592 55 56 
1491907665614 55 53 
1491907665635 55 55 
1491907665656 53 55 
1491907665672 56 54 
1491907665695 57 57 
1491907665716 56 55 
1491907665732 53 53 
1491907665754 54 52 
1491907665775 55 54 
1491907665796 57 56 
1491907665812 54 55 
1491907665834 56 55 
1491907665855 55 56 
1491907665871 57 55 
1491907665894 55 56 
1491907665915 56 55 
1491907665936 55 56 
1491907665952 55 56 
1491907665974 55 56 
1491907665995 54 53 
1491907666011 54 55 
1491907666034 55 54 
1491907666055 54 54 
1491907666076 55 55 
1491907666092 54 55 
1491907666115 56 55 
1491907666136 57 55 
1491907666152 55 56 
1491907666174 54 55 
1491907666195 56 56 
1491907666215 55 55 
1491907666231 55 55 
1491907666254 56 54 
1491907666275 54 56 
1491907666291 55 55 
1491907666314 54 55 
1491907666335 56 55 
1491907666351 55 55 
1491907666374 54 53 
1491907666395 55 55 
1491907666411 55 57 
1491907666434 56 55 
1491907666455 54 54 
1491907666471 55 55 
1491907666494 56 56 
1491907666515 56 57 
1491907666536 55 55 
1491907666552 55 55 
1491907666575 56 55 
1491907666596 53 54 
1491907666612 55 56 
1491907666634 56 55 
1491907666655 56 55 
1491907666676 55 54 
1491907666692 55 56 
1491907666714 55 55 
1491907666735 56 56 
1491907666751 56 56 
1491907666774 56 56 
1491907666795 56 55 
1491907666811 56 55 
1491907666834 54 57 
1491907666855 55 56 
1491907666871 54 54 
1491907666894 56 55 
1491907666915 56 56 
1491907666931 54 56 
1491907666954 56 56 
1491907666975 56 54 
1491907666996 55 54 
1491907667012 56 56 
1491907667034 56 57 
1491907667055 56 55 
1491907667076 57 55 
1491907667092 55 56 
1491907667115 55 56 
1491907667136 55 55 
1491907667152 55 56 
1491907667175 55 55 
1491907667196 56 56 
1491907667212 55 56 
1491907667234 57 55 
1491907667255 56 56 
1491907667271 56 56 
1491907667294 55 54 
1491907667315 55 55 
1491907667331 55 56 
1491907667354 56 57 
1491907667375 56 55 
1491907667391 55 56 
1491907667414 56 56 
1491907667435 57 56 
1491907667451 55 56 
1491907667474 56 55 
1491907667495 55 55 
1491907667500 55 55 
1491907667532 56 56 
1491907667554 56 56 
1491907667575 56 56 
1491907667596 56 55 
1491907667612 55 56 
1491907667634 55 56 
1491907667655 57 56 
1491907667676 57 57 
1491907667692 56 55 
1491907667714 55 56 
1491907667735 56 56 
1491907667751 54 55 
1491907667774 56 56 
1491907667795 56 56 
1491907667816 57 56 
1491907667832 56 56 
1491907667854 55 57 
1491907667875 57 57 
1491907667891 55 53 
1491907667914 55 54 
1491907667935 56 57 
1491907667956 56 57 
1491907667972 57 56 
1491907667994 58 56 
1491907668015 56 55 
1491907668036 54 57 
1491907668052 56 57 
1491907668074 56 56 
1491907668095 57 55 
1491907668116 57 55 
1491907668132 55 58 
1491907668155 56 56 
1491907668175 55 57 
1491907668191 57 56 
1491907668214 56 54 
1491907668235 55 55 
1491907668256 56 58 
1491907668272 56 57 
1491907668294 56 56 
1491907668315 57 55 
1491907668331 55 54 
1491907668354 56 57 
1491907668375 57 57 
1491907668396 57 56 
1491907668412 57 56 
1491907668434 56 57 
1491907668455 56 57 
1491907668460 56 57 
1491907668492 56 57 
1491907668514 56 55 
1491907668535 56 54 
1491907668556 55 56 
1491907668572 56 57 
1491907668595 56 57 
1491907668616 56 55 
1491907668632 56 55 
1491907668654 56 57 
1491907668675 56 57 
1491907668691 57 57 
1491907668714 58 56 
1491907668735 56 55 
1491907668751 55 56 
1491907668774 56 57 
1491907668795 56 56 
1491907668811 57 56 
1491907668834 57 56 
1491907668855 56 56 
1491907668860 57 57 
1491907668892 56 57 
1491907668914 56 56 
1491907668935 55 55 
1491907668940 56 56 
1491907668972 57 56 
1491907668994 56 56 
1491907669015 56 56 
1491907669036 57 56 
1491907669052 55 56 
1491907669074 57 57 
1491907669095 57 57 
1491907669116 58 57 
1491907669132 55 56 
1491907669154 55 56 
1491907669175 57 57 
1491907669191 56 56 
1491907669214 56 56 
1491907669235 56 55 
1491907669256 56 56 
1491907669272 56 56 
1491907669294 56 55 
1491907669315 53 54 
1491907669331 54 53 
1491907669354 52 53 
1491907669375 52 53 
1491907669380 52 52 
1491907669412 52 52 
1491907669434 49 49 
1491907669455 49 49 
1491907669476 49 48 
1491907669492 48 47 
1491907669514 48 48 
1491907669535 46 47 
1491907669556 46 46 
1491907669572 44 44 
1491907669594 43 45 
1491907669615 44 44 
1491907669631 42 42 
1491907669654 43 42 
1491907669675 44 42 
1491907669696 42 42 
1491907669712 41 41 
1491907669755 79 81 
1491907669771 38 38 
1491907669794 39 39 
1491907669815 39 39 
1491907669836 38 37 
1491907669852 37 36 
1491907669874 36 37 
1491907669895 36 37 
1491907669916 34 35 
1491907669932 35 35 
1491907669954 36 34 
1491907669975 34 33 
1491907670012 64 67 
1491907670035 32 32 
1491907670055 33 33 
1491907670071 32 32 
1491907670094 31 32 
1491907670115 31 30 
1491907670136 30 30 
1491907670152 31 29 
1491907670174 29 31 
1491907670195 28 28 
1491907670211 28 28 
1491907670234 29 28 
1491907670255 27 28 
1491907670276 26 27 
1491907670292 28 27 
1491907670314 27 28 
1491907670335 25 25 
1491907670340 24 25 
1491907670372 28 26 
1491907670394 25 25 
1491907670436 46 48 
1491907670452 26 25 
1491907670474 25 25 
1491907670496 24 25 
1491907670511 21 23 
1491907670534 22 21 
1491907670555 23 22 
1491907670576 22 23 
1491907670592 21 23 
1491907670614 21 22 
1491907670635 21 19 
1491907670651 22 20 
1491907670674 21 22 
1491907670695 20 22 
1491907670716 18 19 
1491907670732 19 17 
1491907670754 19 19 
1491907670775 19 22 
1491907670780 18 20 
1491907670812 18 16 
1491907670834 17 16 
1491907670855 19 19 
1491907670876 18 19 
1491907670892 19 18 
1491907670915 18 16 
1491907670936 15 16 
1491907670951 14 17 
1491907670974 17 16 
1491907670995 18 16 
1491907671011 17 17 
1491907671034 16 16 
1491907671055 14 16 
1491907671071 14 13 
1491907671094 14 14 
1491907671115 15 15 
1491907671131 16 17 
1491907671154 16 15 
1491907671175 14 13 
1491907671196 12 13 
1491907671212 12 13 
1491907671234 13 13 
1491907671255 14 13 
1491907671276 15 15 
1491907671292 15 14 
1491907671315 14 13 
1491907671336 12 12 
1491907671352 11 12 
1491907671375 10 11 
1491907671396 12 10 
1491907671412 13 13 
1491907671434 13 14 
1491907671455 12 13 
1491907671471 12 10 
1491907671494 11 10 
1491907671515 9 11 
1491907671531 10 10 
1491907671554 10 9 
1491907671575 11 11 
1491907671581 10 11 
1491907671612 10 12 
1491907671634 11 10 
1491907671655 10 10 
1491907671676 11 10 
1491907671692 9 10 
1491907671714 10 10 
1491907671735 11 10 
1491907671756 10 10 
1491907671772 10 10 
1491907671794 9 9 
1491907671815 10 10 
1491907671836 10 10 
1491907671852 10 11 
1491907671875 11 10 
1491907671895 10 10 
1491907671912 10 11 
1491907671934 10 9 
1491907671955 9 9 
1491907671971 10 9 
1491907671994 9 10 
1491907672015 11 10 
1491907672031 10 10 
1491907672054 10 11 
1491907672075 10 10 
1491907672091 10 10 
ROTATE: 1.57080
1491907672114 -1 -1 
1491907672135 -1 -1 
1491907672156 1 1 
1491907672172 0 0 
1491907672195 0 0 
1491907672216 0 0 
1491907672232 4 -1 
1491907672254 3 -1 
1491907672275 5 -1 
1491907672296 4 -2 
1491907672312 6 -5 
1491907672334 6 -3 
1491907672355 7 -5 
1491907672371 5 -6 
1491907672394 8 -10 
1491907672415 6 -9 
1491907672431 8 -10 
1491907672454 11 -12 
1491907672475 13 -14 
1491907672491 14 -14 
1491907672514 17 -14 
1491907672535 20 -16 
1491907672551 22 -18 
1491907672574 19 -17 
1491907672595 18 -20 
1491907672616 20 -20 
1491907672632 20 -19 
1491907672655 19 -17 
1491907672676 17 -17 
1491907672692 17 -19 
1491907672714 17 -19 
1491907672756 34 -34 
1491907672772 19 -17 
1491907672795 20 -17 
1491907672816 19 -18 
1491907672832 18 -20 
1491907672854 19 -19 
1491907672875 20 -18 
1491907672891 20 -17 
1491907672914 19 -18 
1491907672935 18 -19 
1491907672951 17 -20 
1491907672974 18 -19 
1491907672995 19 -17 
1491907673011 19 -17 
1491907673034 19 -18 
1491907673055 19 -20 
1491907673076 18 -20 
1491907673092 19 -17 
1491907673114 19 -17 
1491907673135 21 -18 
1491907673156 19 -18 
1491907673172 19 -21 
1491907673195 17 -19 
1491907673216 18 -18 
1491907673232 20 -18 
1491907673255 20 -17 
1491907673276 19 -19 
1491907673292 18 -22 
1491907673315 20 -20 
1491907673335 19 -18 
1491907673351 20 -17 
1491907673374 20 -17 
1491907673395 19 -20 
1491907673411 19 -20 
1491907673434 18 -18 
1491907673455 20 -19 
1491907673461 20 -18 
1491907673492 19 -21 
1491907673514 19 -20 
1491907673535 18 -19 
1491907673551 19 -19 
1491907673595 39 -36 
1491907673632 38 -39 
1491907673655 19 -19 
1491907673676 19 -19 
1491907673692 20 -18 
1491907673715 20 -20 
1491907673736 20 -20 
1491907673757 19 -20 
1491907673773 19 -19 
1491907673794 19 -20 
1491907673815 19 -19 
1491907673831 20 -19 
1491907673854 20 -20 
1491907673875 19 -19 
1491907673896 19 -20 
1491907673912 21 -19 
1491907673934 20 -20 
1491907673955 19 -19 
1491907673971 17 -17 
1491907673994 17 -18 
1491907674015 17 -18 
1491907674036 18 -16 
1491907674052 15 -16 
1491907674075 16 -15 
1491907674096 15 -15 
1491907674112 14 -15 
1491907674134 15 -15 
1491907674155 15 -13 
1491907674176 14 -14 
1491907674197 13 -13 
1491907674213 12 -14 
1491907674235 13 -12 
1491907674255 12 -12 
1491907674271 11 -12 
1491907674294 13 -12 
1491907674315 13 -11 
1491907674336 11 -10 
1491907674352 12 -11 
1491907674374 10 -9 
1491907674395 9 -10 
1491907674411 7 -8 
1491907674434 10 -9 
1491907674455 10 -9 
1491907674476 9 -10 
1491907674492 9 -9 
1491907674514 10 -10 
1491907674535 10 -9 
1491907674556 10 -8 
1491907674572 8 -8 
1491907674594 6 -6 
1491907674615 7 -6 
1491907674636 5 -8 
1491907674652 6 -5 
1491907674675 5 -6 
1491907674695 7 -5 
1491907674711 8 -7 
1491907674734 7 -8 
1491907674755 7 -6 
1491907674776 7 -8 
1491907674792 8 -10 
1491907674814 9 -7 
1491907674835 8 -6 
1491907674851 8 -7 
1491907674874 6 -8 
1491907674895 6 -6 
1491907674916 6 -5 
1491907674932 6 -6 
1491907674954 6 -8 
1491907674975 7 -5 
1491907674980 7 -6 
1491907675012 7 -7 
1491907675034 8 -8 
1491907675055 7 -8 
1491907675076 8 -7 
1491907675092 9 -9 
1491907675115 8 -9 
1491907675136 9 -7 
1491907675152 7 -8 
1491907675175 8 -8 
1491907675195 7 -7 
1491907675211 6 -7 
1491907675234 6 -7 
1491907675255 6 -6 
1491907675271 7 -6 
1491907675294 7 -7 
1491907675315 8 -8 
1491907675331 7 -7 
1491907675354 8 -7 
1491907675375 8 -8 
1491907675396 9 -7 
1491907675412 9 -7 
1491907675434 9 -6 
1491907675455 7 -8 
1491907675460 7 -7 
1491907675492 6 -6 
1491907675515 7 -7 
1491907675536 6 -7 
1491907675552 7 -5 
1491907675575 7 -6 
1491907675596 7 -7 
STOP
1491907675612 8 -9 
1491907675635 8 -7 
STRAIGHT: 3.00000
1491907675655 2 -2 
1491907675671 -1 2 
1491907675694 2 -1 
1491907675715 2 -2 
1491907675731 0 0 
1491907675754 0 0 
1491907675775 0 2 
1491907675791 2 1 
1491907675814 3 2 
1491907675835 5 3 
1491907675851 5 4 
1491907675874 4 4 
1491907675895 7 6 
1491907675916 7 5 
1491907675932 8 8 
1491907675955 8 9 
1491907675976 11 11 
1491907675992 10 11 
1491907676015 13 13 
1491907676036 13 14 
1491907676052 15 15 
1491907676075 15 16 
1491907676096 17 17 
1491907676112 18 19 
1491907676134 18 17 
1491907676155 20 19 
1491907676171 21 20 
1491907676194 23 24 
1491907676215 22 24 
1491907676231 24 25 
1491907676254 25 24 
1491907676275 25 26 
1491907676291 25 28 
1491907676314 29 29 
1491907676335 30 28 
1491907676356 31 32 
1491907676372 31 35 
1491907676394 31 32 
1491907676415 36 33 
1491907676436 34 34 
1491907676452 36 38 
1491907676474 37 36 
1491907676495 39 39 
1491907676516 39 38 
1491907676532 40 41 
1491907676555 40 42 
1491907676576 42 43 
1491907676592 44 43 
1491907676615 44 46 
1491907676635 45 44 
1491907676656 47 47 
1491907676672 46 46 
1491907676694 46 47 
1491907676715 45 47 
1491907676731 47 45 
1491907676754 46 47 
1491907676775 48 48 
1491907676796 48 48 
1491907676812 47 48 
1491907676834 46 47 
1491907676855 46 47 
1491907676876 46 46 
1491907676892 45 47 
1491907676915 47 46 
1491907676936 45 48 
1491907676952 46 46 
1491907676975 46 46 
1491907676996 49 48 
1491907677012 49 49 
1491907677035 48 49 
1491907677056 49 47 
1491907677076 47 48 
1491907677092 48 48 
1491907677114 45 48 
1491907677135 46 46 
1491907677151 47 47 
1491907677174 47 47 
1491907677195 48 50 
1491907677211 46 48 
1491907677234 50 47 
1491907677255 48 48 
1491907677276 49 49 
1491907677292 47 48 
1491907677314 48 49 
1491907677335 47 47 
1491907677356 47 48 
1491907677372 49 49 
1491907677395 48 48 
1491907677416 49 49 
1491907677432 49 48 
1491907677455 49 49 
1491907677476 48 49 
1491907677492 48 48 
1491907677514 48 48 
1491907677535 48 48 
1491907677551 49 48 
1491907677574 50 50 
1491907677595 50 49 
1491907677611 51 50 
1491907677634 50 48 
1491907677655 50 49 
1491907677676 49 49 
1491907677692 46 50 
1491907677714 47 48 
1491907677735 47 46 
1491907677756 50 49 
1491907677772 49 49 
1491907677794 49 51 
1491907677836 99 96 
1491907677852 48 48 
1491907677875 47 50 
1491907677896 49 49 
1491907677912 49 49 
1491907677935 50 47 
1491907677956 50 51 
1491907677972 48 50 
1491907677994 50 50 
1491907678015 48 48 
1491907678031 50 48 
1491907678054 50 50 
1491907678075 50 50 
1491907678096 49 51 
1491907678112 50 49 
1491907678134 49 48 
1491907678155 49 50 
1491907678160 49 50 
1491907678192 49 50 
1491907678214 50 49 
1491907678235 50 50 
1491907678256 48 49 
1491907678272 49 50 
1491907678295 51 49 
1491907678316 50 50 
1491907678332 50 50 
1491907678355 48 50 
1491907678376 49 49 
1491907678397 50 49 
1491907678413 51 50 
1491907678434 51 50 
1491907678455 49 50 
1491907678471 50 51 
1491907678494 51 49 
1491907678515 52 50 
1491907678536 50 51 
1491907678552 49 50 
1491907678574 50 50 
1491907678595 50 50 
1491907678601 50 50 
1491907678632 50 50 
1491907678654 51 50 
1491907678675 52 51 
1491907678696 49 50 
1491907678712 50 51 
1491907678735 52 50 
1491907678756 50 50 
1491907678772 51 51 
1491907678795 49 50 
1491907678816 50 52 
1491907678832 48 50 
1491907678855 50 50 
1491907678875 50 50 
1491907678892 52 49 
1491907678914 53 51 
1491907678935 53 51 
1491907678951 51 49 
1491907678974 52 48 
1491907678995 51 50 
1491907679016 53 52 
1491907679032 51 50 
1491907679054 50 51 
1491907679075 50 50 
1491907679096 51 51 
1491907679112 50 51 
1491907679135 51 51 
1491907679156 51 51 
1491907679172 50 49 
1491907679194 50 48 
1491907679215 49 47 
1491907679236 49 49 
1491907679257 50 51 
1491907679273 49 51 
1491907679295 49 51 
1491907679316 49 50 
1491907679332 50 51 
1491907679355 50 51 
1491907679375 52 51 
1491907679396 51 51 
1491907679412 51 51 
1491907679434 52 51 
1491907679455 52 50 
1491907679471 50 50 
1491907679494 50 52 
1491907679515 52 51 
1491907679536 54 52 
1491907679552 51 51 
1491907679574 48 51 
1491907679595 47 49 
1491907679616 49 49 
1491907679632 49 49 
1491907679654 51 50 
1491907679675 51 51 
1491907679696 53 52 
1491907679712 51 50 
1491907679735 50 51 
1491907679756 51 52 
1491907679772 50 51 
1491907679795 52 50 
1491907679815 51 52 
1491907679836 51 53 
1491907679852 50 52 
1491907679874 52 50 
1491907679895 51 50 
1491907679911 50 51 
1491907679934 51 51 
1491907679955 51 52 
1491907679976 51 50 
1491907679992 52 51 
1491907680015 50 52 
1491907680036 52 50 
1491907680052 50 52 
1491907680074 50 51 
1491907680095 51 52 
1491907680116 53 52 
1491907680132 51 52 
1491907680155 52 51 
1491907680176 51 52 
1491907680192 51 51 
1491907680215 53 51 
1491907680236 51 52 
1491907680251 51 52 
1491907680274 51 52 
1491907680295 52 51 
1491907680316 51 52 
1491907680332 53 52 
1491907680354 52 53 
1491907680375 51 52 
1491907680381 51 52 
1491907680412 52 52 
1491907680434 51 51 
1491907680455 53 51 
1491907680476 52 52 
1491907680492 52 53 
1491907680514 52 52 
1491907680535 53 52 
1491907680556 53 51 
1491907680572 52 53 
1491907680595 51 53 
1491907680616 52 53 
1491907680632 51 51 
1491907680655 53 52 
1491907680676 52 52 
1491907680697 54 53 
1491907680713 52 52 
1491907680734 53 52 
1491907680755 52 52 
1491907680771 46 51 
1491907680794 49 52 
1491907680815 53 54 
1491907680831 53 55 
1491907680854 55 53 
1491907680875 54 52 
1491907680896 50 50 
1491907680912 50 48 
1491907680934 52 49 
1491907680955 52 52 
1491907680976 52 52 
1491907680992 53 54 
1491907681015 53 54 
1491907681052 104 106 
1491907681075 51 52 
1491907681096 53 52 
1491907681112 53 52 
1491907681135 53 52 
1491907681156 53 53 
1491907681172 52 52 
1491907681195 53 52 
1491907681216 52 50 
1491907681231 53 54 
1491907681254 52 52 
1491907681275 54 53 
1491907681281 52 54 
1491907681312 53 53 
1491907681334 54 53 
1491907681355 53 52 
1491907681361 51 53 
1491907681392 52 53 
1491907681435 106 102 
1491907681456 53 53 
1491907681472 52 53 
1491907681494 53 53 
1491907681515 53 52 
1491907681536 53 52 
1491907681552 52 53 
1491907681575 53 54 
1491907681596 52 53 
1491907681612 54 52 
1491907681635 54 53 
1491907681656 52 53 
1491907681672 53 53 
1491907681695 54 52 
1491907681716 53 54 
1491907681732 53 53 
1491907681755 53 53 
1491907681775 53 52 
1491907681791 52 52 
1491907681814 51 54 
1491907681835 53 52 
1491907681856 54 53 
1491907681872 53 53 
1491907681894 53 53 
1491907681915 54 53 
1491907681931 52 53 
1491907681954 54 51 
1491907681975 54 53 
1491907681981 52 54 
1491907682012 53 53 
1491907682035 51 51 
1491907682056 53 54 
1491907682072 53 52 
1491907682094 53 54 
1491907682115 53 54 
1491907682136 54 53 
1491907682141 53 54 
1491907682173 53 53 
1491907682195 53 53 
1491907682216 54 54 
1491907682232 52 52 
1491907682255 52 53 
1491907682276 53 54 
1491907682297 55 53 
1491907682313 54 54 
1491907682334 53 55 
1491907682355 52 54 
1491907682371 53 52 
1491907682394 53 52 
1491907682415 55 54 
1491907682436 53 54 
1491907682452 54 55 
1491907682474 53 54 
1491907682495 54 54 
1491907682501 52 53 
1491907682532 54 53 
1491907682575 108 108 
1491907682596 56 55 
1491907682612 55 54 
1491907682635 56 54 
1491907682656 54 54 
1491907682672 53 54 
1491907682695 52 53 
1491907682716 53 53 
1491907682737 56 54 
1491907682753 53 55 
1491907682775 54 55 
1491907682796 53 53 
1491907682811 54 53 
1491907682834 53 53 
1491907682855 55 54 
1491907682876 54 55 
1491907682892 54 55 
1491907682914 54 52 
1491907682935 54 54 
1491907682951 54 54 
1491907682974 54 54 
1491907682995 53 55 
1491907683016 54 55 
1491907683032 55 54 
1491907683055 55 53 
1491907683076 54 55 
1491907683092 54 54 
1491907683115 54 55 
1491907683136 53 52 
1491907683157 54 53 
1491907683173 53 55 
1491907683195 56 55 
1491907683216 55 55 
1491907683232 54 54 
1491907683255 55 54 
1491907683276 55 55 
1491907683292 54 55 
1491907683314 54 55 
1491907683335 54 54 
1491907683351 54 53 
1491907683374 55 54 
1491907683395 54 54 
1491907683411 55 55 
1491907683434 55 54 
1491907683455 56 55 
1491907683476 53 55 
1491907683492 54 55 
1491907683515 53 55 
1491907683536 54 53 
1491907683552 55 54 
1491907683574 55 54 
1491907683595 55 56 
1491907683616 56 54 
1491907683632 54 54 
1491907683655 56 55 
1491907683676 53 55 
1491907683692 55 54 
1491907683715 54 54 
1491907683736 54 55 
1491907683752 54 54 
1491907683774 55 54 
1491907683795 55 55 
1491907683811 54 54 
1491907683834 54 55 
1491907683855 54 53 
1491907683871 55 53 
1491907683894 55 56 
1491907683915 55 55 
1491907683936 54 54 
1491907683952 54 54 
1491907683974 54 54 
1491907683995 55 54 
1491907684016 54 56 
1491907684053 109 110 
1491907684075 55 54 
1491907684096 56 55 
1491907684112 54 55 
1491907684135 54 55 
1491907684156 55 54 
1491907684177 54 55 
1491907684193 55 53 
1491907684215 55 56 
1491907684236 55 56 
1491907684252 52 54 
1491907684274 54 55 
1491907684295 54 54 
1491907684316 58 54 
1491907684332 57 56 
1491907684354 58 57 
1491907684375 57 54 
1491907684391 57 53 
1491907684414 56 54 
1491907684435 56 56 
1491907684441 55 55 
1491907684472 54 56 
1491907684495 56 54 
1491907684516 55 56 
1491907684532 56 55 
1491907684554 53 55 
1491907684575 55 52 
1491907684596 54 53 
1491907684617 56 54 
1491907684633 55 54 
1491907684655 55 55 
1491907684676 53 57 
1491907684692 54 54 
1491907684715 55 54 
1491907684735 55 56 
1491907684756 56 56 
1491907684772 54 57 
1491907684794 55 56 
1491907684815 55 53 
1491907684831 55 54 
1491907684854 55 55 
1491907684875 56 56 
1491907684896 57 56 
1491907684912 58 56 
1491907684934 57 56 
1491907684955 55 55 
1491907684976 53 56 
1491907684992 51 53 
1491907685014 52 52 
1491907685035 54 52 
1491907685056 54 55 
1491907685072 54 55 
1491907685095 56 55 
1491907685116 54 54 
1491907685132 57 56 
1491907685155 56 55 
1491907685176 56 57 
1491907685197 56 56 
1491907685212 55 56 
1491907685255 110 109 
1491907685294 108 107 
1491907685315 56 55 
1491907685336 56 54 
1491907685352 55 54 
1491907685374 55 55 
1491907685395 54 55 
1491907685416 54 54 
1491907685432 55 55 
1491907685454 56 56 
1491907685496 110 110 
1491907685512 54 55 
1491907685535 56 55 
1491907685556 55 56 
1491907685572 55 56 
1491907685595 56 55 
1491907685616 54 56 
1491907685637 55 55 
1491907685653 55 54 
1491907685674 55 57 
1491907685695 55 56 
1491907685711 56 56 
1491907685734 55 55 
1491907685755 56 54 
1491907685776 55 57 
1491907685792 56 55 
1491907685815 55 55 
1491907685836 55 54 
1491907685852 55 55 
1491907685874 56 56 
1491907685895 55 55 
1491907685916 55 55 
1491907685932 54 56 
1491907685955 55 52 
1491907685976 56 55 
1491907685992 56 56 
1491907686015 56 57 
1491907686036 56 56 
1491907686057 54 56 
1491907686073 56 55 
1491907686094 54 55 
1491907686116 54 56 
1491907686131 53 54 
1491907686154 55 55 
1491907686175 57 56 
1491907686191 57 56 
1491907686214 56 57 
1491907686235 56 57 
1491907686256 57 55 
1491907686272 55 55 
1491907686294 56 56 
1491907686315 55 57 
1491907686336 54 56 
1491907686352 56 55 
1491907686375 55 53 
1491907686396 56 56 
1491907686412 56 56 
1491907686435 56 56 
1491907686456 56 56 
1491907686472 55 55 
1491907686495 57 57 
1491907686516 55 55 
1491907686532 55 56 
1491907686555 54 56 
1491907686576 56 54 
1491907686592 55 55 
1491907686614 55 55 
1491907686635 55 57 
1491907686651 56 57 
1491907686674 57 55 
1491907686695 57 56 
1491907686711 56 56 
1491907686734 57 58 
1491907686755 54 56 
1491907686771 55 54 
1491907686794 56 55 
1491907686815 56 56 
1491907686836 55 56 
1491907686852 56 56 
1491907686874 55 56 
1491907686895 56 55 
1491907686916 56 56 
1491907686932 56 57 
1491907686955 56 55 
1491907686976 55 56 
1491907686992 57 56 
1491907687015 56 56 
1491907687036 56 56 
1491907687052 55 57 
1491907687075 56 56 
1491907687096 55 56 
1491907687112 57 55 
1491907687135 55 56 
1491907687156 56 56 
1491907687172 56 56 
1491907687194 57 56 
1491907687215 56 55 
1491907687231 55 57 
1491907687254 56 56 
1491907687275 57 55 
1491907687291 56 55 
1491907687314 56 57 
1491907687335 56 57 
1491907687356 57 57 
1491907687372 56 55 
1491907687394 56 57 
1491907687415 56 57 
1491907687436 55 54 
1491907687452 56 56 
1491907687474 55 56 
1491907687495 57 56 
1491907687516 56 56 
1491907687532 56 56 
1491907687555 56 56 
1491907687576 56 57 
1491907687592 56 54 
1491907687615 57 57 
1491907687636 56 56 
1491907687657 56 57 
1491907687673 55 56 
1491907687695 56 57 
1491907687716 56 55 
1491907687731 55 56 
1491907687754 57 56 
1491907687775 58 57 
1491907687796 57 57 
1491907687812 57 56 
1491907687834 57 58 
1491907687855 55 56 
1491907687871 55 54 
1491907687894 53 54 
1491907687915 58 54 
1491907687936 57 58 
1491907687952 54 56 
1491907687975 55 56 
1491907687996 56 55 
1491907688012 55 55 
1491907688034 57 56 
1491907688055 55 57 
1491907688076 57 57 
1491907688081 58 56 
1491907688113 57 56 
1491907688135 57 57 
1491907688195 168 167 
1491907688216 56 54 
1491907688236 54 57 
1491907688252 56 55 
1491907688274 56 56 
1491907688295 55 55 
1491907688311 53 54 
1491907688334 52 51 
1491907688355 52 52 
1491907688376 52 51 
1491907688392 49 52 
1491907688414 51 50 
1491907688435 52 50 
1491907688456 48 48 
1491907688472 48 48 
1491907688494 47 48 
1491907688536 92 91 
1491907688552 48 45 
1491907688575 44 46 
1491907688596 43 42 
1491907688612 44 42 
1491907688635 42 44 
1491907688656 42 43 
1491907688676 42 42 
1491907688692 42 41 
1491907688714 40 40 
1491907688735 39 40 
1491907688751 38 39 
1491907688774 39 39 
1491907688795 38 38 
1491907688816 38 38 
1491907688832 37 37 
1491907688854 37 38 
1491907688875 37 36 
1491907688896 36 36 
1491907688912 35 35 
1491907688934 35 36 
1491907688976 68 68 
1491907688992 34 34 
1491907689015 33 32 
1491907689036 33 34 
1491907689052 30 31 
1491907689075 31 31 
1491907689096 32 30 
1491907689112 30 31 
1491907689135 28 30 
1491907689155 31 29 
1491907689171 29 29 
1491907689194 30 29 
1491907689215 28 28 
1491907689231 28 29 
1491907689275 55 53 
1491907689296 28 27 
1491907689312 26 28 
1491907689355 53 51 
1491907689376 26 25 
1491907689392 24 27 
1491907689415 25 25 
1491907689436 25 23 
1491907689452 25 24 
1491907689475 22 25 
1491907689496 23 24 
1491907689512 23 22 
1491907689535 24 22 
1491907689556 22 23 
1491907689572 22 24 
1491907689595 22 21 
1491907689615 21 20 
1491907689631 20 20 
1491907689654 19 21 
1491907689675 21 22 
1491907689681 22 20 
1491907689712 19 20 
1491907689734 19 19 
1491907689755 18 17 
1491907689761 20 20 
1491907689792 19 20 
1491907689814 17 19 
1491907689835 18 17 
1491907689856 18 16 
1491907689872 17 17 
1491907689895 16 19 
1491907689916 18 18 
1491907689932 17 16 
1491907689955 17 16 
1491907689976 15 16 
1491907689992 16 16 
1491907690015 17 15 
1491907690036 18 18 
1491907690052 15 17 
1491907690074 15 16 
1491907690095 14 12 
1491907690116 14 13 
1491907690132 14 15 
1491907690175 30 33 
1491907690191 15 13 
1491907690214 14 14 
1491907690235 12 13 
1491907690256 13 12 
1491907690272 13 11 
1491907690295 13 12 
1491907690316 14 15 
1491907690332 14 13 
1491907690354 13 13 
1491907690375 12 11 
1491907690396 11 12 
1491907690417 10 12 
1491907690433 11 9 
1491907690476 22 23 
1491907690492 11 12 
1491907690515 12 11 
1491907690556 22 22 
1491907690573 10 11 
1491907690594 10 10 
1491907690615 11 10 
1491907690631 10 10 
1491907690654 10 10 
1491907690675 10 9 
1491907690696 10 10 
1491907690712 11 10 
1491907690734 9 10 
1491907690755 9 9 
1491907690776 10 8 
1491907690792 9 9 
1491907690814 9 9 
1491907690856 19 19 
1491907690872 10 10 
1491907690895 9 10 
1491907690916 9 10 
1491907690932 11 10 
1491907690955 9 11 
1491907690976 10 9 
1491907690992 9 10 
1491907691015 9 9 
1491907691036 10 9 
1491907691051 10 9 
1491907691074 10 8 
1491907691095 10 9 
1491907691111 10 10 
ROTATE: 1.57080
1491907691134 4 3 
1491907691155 -4 -3 
1491907691176 2 0 
1491907691192 0 0 
1491907691214 0 0 
1491907691235 0 0 
1491907691256 2 -1 
1491907691261 4 -2 
1491907691293 5 -1 
1491907691315 5 0 
1491907691336 6 -4 
1491907691352 7 -6 
1491907691375 8 -8 
1491907691396 3 -8 
1491907691417 5 -10 
1491907691433 7 -9 
1491907691455 9 -11 
1491907691475 7 -9 
1491907691491 12 -12 
1491907691514 16 -15 
1491907691535 16 -16 
1491907691556 17 -15 
1491907691572 19 -19 
1491907691594 19 -21 
1491907691615 20 -18 
1491907691621 19 -17 
1491907691652 18 -19 
1491907691674 18 -20 
1491907691695 15 -19 
1491907691716 16 -19 
1491907691732 16 -16 
1491907691755 17 -18 
1491907691776 18 -16 
1491907691792 17 -16 
1491907691815 17 -19 
1491907691836 18 -19 
1491907691857 19 -19 
1491907691873 19 -18 
1491907691895 19 -18 
1491907691916 19 -19 
1491907691931 18 -20 
1491907691954 17 -18 
1491907691975 17 -18 
1491907691996 18 -20 
1491907692012 19 -18 
1491907692034 17 -18 
1491907692055 18 -19 
1491907692061 18 -19 
1491907692092 18 -18 
1491907692114 19 -17 
1491907692135 19 -18 
1491907692156 18 -18 
1491907692172 17 -20 
1491907692195 17 -20 
1491907692216 19 -19 
1491907692232 20 -17 
1491907692255 19 -20 
1491907692276 18 -19 
1491907692297 18 -20 
1491907692313 17 -19 
1491907692335 19 -19 
1491907692356 20 -19 
1491907692372 18 -19 
1491907692394 18 -18 
1491907692415 18 -20 
1491907692436 19 -21 
1491907692452 19 -18 
1491907692474 19 -19 
1491907692495 19 -19 
1491907692511 18 -19 
1491907692534 18 -19 
1491907692555 20 -20 
1491907692576 20 -19 
1491907692592 19 -21 
1491907692615 19 -19 
1491907692636 18 -19 
1491907692652 19 -20 
1491907692675 19 -19 
1491907692696 20 -20 
1491907692717 19 -19 
1491907692733 19 -19 
1491907692755 19 -20 
1491907692776 19 -19 
1491907692792 20 -20 
1491907692815 20 -20 
1491907692836 19 -19 
1491907692852 19 -19 
1491907692874 19 -20 
1491907692895 22 -20 
1491907692911 20 -21 
1491907692934 17 -19 
1491907692955 19 -19 
1491907692971 18 -19 
1491907692994 18 -20 
1491907693015 18 -18 
1491907693036 18 -18 
1491907693052 17 -16 
1491907693074 19 -16 
1491907693095 16 -15 
1491907693116 17 -14 
1491907693132 16 -15 
1491907693155 17 -16 
1491907693176 14 -15 
1491907693192 13 -14 
1491907693215 12 -15 
1491907693236 11 -13 
1491907693252 10 -12 
1491907693275 11 -11 
1491907693296 11 -11 
1491907693312 11 -11 
1491907693334 11 -11 
1491907693355 12 -11 
1491907693371 13 -11 
1491907693394 12 -11 
1491907693415 11 -11 
1491907693431 10 -9 
1491907693454 9 -9 
1491907693475 8 -9 
1491907693496 7 -8 
1491907693512 7 -8 
1491907693534 8 -9 
1491907693555 8 -7 
1491907693576 9 -8 
1491907693613 19 -18 
1491907693635 8 -8 
1491907693656 8 -8 
1491907693672 8 -7 
1491907693695 7 -7 
1491907693716 6 -5 
1491907693737 6 -7 
1491907693753 5 -6 
1491907693775 5 -6 
1491907693795 6 -6 
1491907693812 7 -8 
1491907693834 7 -6 
1491907693855 7 -6 
1491907693876 8 -8 
1491907693892 9 -9 
1491907693914 8 -7 
1491907693935 8 -8 
1491907693951 8 -9 
1491907693974 7 -7 
1491907693995 7 -6 
1491907694016 6 -5 
1491907694032 6 -7 
1491907694055 5 -6 
1491907694076 5 -6 
1491907694092 6 -6 
1491907694115 7 -8 
1491907694136 7 -6 
1491907694152 7 -6 
1491907694175 9 -7 
1491907694196 8 -8 
1491907694212 8 -7 
1491907694235 8 -8 
1491907694256 8 -9 
1491907694272 8 -7 
1491907694294 7 -6 
1491907694315 7 -7 
1491907694331 7 -7 
1491907694354 6 -6 
1491907694375 5 -5 
1491907694391 6 -7 
1491907694414 8 -7 
1491907694435 7 -7 
1491907694456 7 -5 
1491907694472 9 -8 
1491907694494 9 -8 
1491907694515 8 -7 
1491907694536 8 -8 
1491907694552 8 -10 
1491907694574 8 -8 
1491907694595 7 -6 
1491907694616 7 -7 
1491907694632 6 -7 
STOP
1491907694655 6 -6 
1491907694676 6 -6 
STRAIGHT: 3.00000
1491907694692 1 -2 
1491907694715 -1 3 
1491907694736 0 0 
1491907694757 0 0 
1491907694773 0 0 
1491907694794 0 0 
1491907694815 1 1 
1491907694831 1 2 
1491907694854 3 3 
1491907694875 1 4 
1491907694896 4 4 
1491907694912 5 4 
1491907694934 7 7 
1491907694955 7 7 
1491907694961 8 9 
1491907694992 10 9 
1491907695014 11 10 
1491907695035 10 12 
1491907695056 12 11 
1491907695072 14 14 
1491907695095 15 16 
1491907695116 16 19 
1491907695132 18 18 
1491907695155 19 18 
1491907695176 18 17 
1491907695197 19 20 
1491907695213 20 22 
1491907695235 23 22 
1491907695256 25 23 
1491907695272 24 27 
1491907695294 23 23 
1491907695315 24 23 
1491907695336 28 25 
1491907695352 28 31 
1491907695374 29 31 
1491907695395 31 32 
1491907695411 34 32 
1491907695434 33 34 
1491907695455 32 34 
1491907695476 36 35 
1491907695492 37 36 
1491907695514 37 37 
1491907695535 38 38 
1491907695556 38 38 
1491907695572 39 39 
1491907695594 41 39 
1491907695636 85 87 
1491907695652 46 44 
1491907695675 45 47 
1491907695696 47 47 
1491907695712 46 47 
1491907695735 46 46 
1491907695756 48 46 
1491907695776 48 47 
1491907695792 48 48 
1491907695814 48 47 
1491907695835 47 47 
1491907695851 46 46 
1491907695874 45 46 
1491907695895 46 45 
1491907695916 46 47 
1491907695932 46 47 
1491907695954 46 47 
1491907695975 48 48 
1491907695996 47 48 
1491907696012 49 48 
1491907696035 46 47 
1491907696056 49 49 
1491907696072 49 48 
1491907696095 48 48 
1491907696116 47 47 
1491907696132 46 46 
1491907696155 48 46 
1491907696176 46 48 
1491907696197 48 48 
1491907696213 47 48 
1491907696234 48 47 
1491907696255 47 48 
1491907696271 47 45 
1491907696294 48 48 
1491907696315 48 49 
1491907696331 49 47 
1491907696354 46 49 
1491907696375 47 47 
1491907696396 47 47 
1491907696412 47 48 
1491907696434 48 49 
1491907696455 49 50 
1491907696476 48 48 
1491907696492 49 48 
1491907696515 50 46 
1491907696536 48 48 
1491907696552 46 49 
1491907696575 46 47 
1491907696596 48 46 
1491907696612 48 48 
1491907696635 48 50 
1491907696656 49 48 
1491907696672 49 49 
1491907696694 49 49 
1491907696715 48 48 
1491907696731 48 47 
1491907696754 50 48 
1491907696775 50 50 
1491907696781 48 50 
1491907696812 48 49 
1491907696834 49 48 
1491907696855 48 47 
1491907696860 48 49 
1491907696892 49 49 
1491907696915 50 50 
1491907696936 49 49 
1491907696952 50 49 
1491907696975 49 48 
1491907696996 48 48 
1491907697012 48 49 
1491907697035 49 48 
1491907697056 51 51 
1491907697077 50 50 
1491907697093 49 49 
1491907697115 50 49 
1491907697136 50 50 
1491907697151 48 50 
1491907697174 50 50 
1491907697195 49 49 
1491907697216 50 47 
1491907697232 49 49 
1491907697254 48 50 
1491907697275 49 49 
1491907697291 49 49 
1491907697314 49 48 
1491907697335 48 49 
1491907697356 49 49 
1491907697372 49 50 
1491907697395 51 50 
1491907697416 49 49 
1491907697432 50 50 
1491907697454 49 50 
1491907697475 50 50 
1491907697496 50 51 
1491907697512 50 50 
1491907697535 49 49 
1491907697556 49 48 
1491907697572 50 49 
1491907697594 49 50 
1491907697615 50 50 
1491907697631 49 48 
1491907697654 51 49 
1491907697675 50 51 
1491907697691 50 50 
1491907697714 49 49 
1491907697735 48 48 
1491907697751 50 51 
1491907697774 49 49 
1491907697795 50 50 
1491907697816 51 50 
1491907697832 51 51 
1491907697855 49 52 
1491907697876 51 50 
1491907697914 101 100 
1491907697935 51 51 
1491907697956 50 51 
1491907697972 51 50 
1491907697995 50 50 
1491907698016 50 49 
1491907698032 49 51 
1491907698055 50 50 
1491907698075 51 50 
1491907698091 50 51 
1491907698114 50 51 
1491907698135 51 50 
1491907698151 50 49 
1491907698174 51 52 
1491907698195 51 51 
1491907698211 51 51 
1491907698234 50 50 
1491907698255 51 50 
1491907698276 51 51 
1491907698292 50 52 
1491907698314 51 50 
1491907698335 51 50 
1491907698356 51 51 
1491907698372 51 51 
1491907698395 50 51 
1491907698416 52 50 
1491907698432 50 51 
1491907698455 49 50 
1491907698476 51 50 
1491907698492 51 50 
1491907698515 51 53 
1491907698536 51 52 
1491907698552 50 49 
1491907698574 51 51 
1491907698595 51 50 
1491907698611 52 52 
1491907698634 51 51 
1491907698655 52 52 
1491907698661 51 51 
1491907698692 50 51 
1491907698714 50 50 
1491907698735 51 51 
1491907698751 52 52 
1491907698774 51 51 
1491907698795 51 51 
1491907698816 53 51 
1491907698832 51 52 
1491907698855 51 52 
1491907698876 51 52 
1491907698892 51 51 
1491907698915 52 50 
1491907698936 51 52 
1491907698957 52 53 
1491907698973 52 51 
1491907698994 52 52 
1491907699015 52 52 
1491907699031 51 51 
1491907699054 51 51 
1491907699075 52 51 
1491907699096 52 52 
1491907699112 52 53 
1491907699134 51 51 
1491907699155 51 51 
1491907699171 52 51 
1491907699194 52 52 
1491907699215 52 52 
1491907699236 52 53 
1491907699252 52 50 
1491907699275 52 52 
1491907699296 52 53 
1491907699312 52 52 
1491907699334 52 51 
1491907699355 52 51 
1491907699376 50 50 
1491907699397 52 53 
1491907699413 54 53 
1491907699435 52 52 
1491907699456 52 52 
1491907699472 52 52 
1491907699495 51 53 
1491907699515 51 52 
1491907699536 53 51 
1491907699552 52 52 
1491907699574 52 52 
1491907699595 53 52 
1491907699611 50 52 
1491907699634 52 51 
1491907699655 51 53 
1491907699676 53 53 
1491907699692 52 53 
1491907699714 53 52 
1491907699735 52 52 
1491907699740 53 53 
1491907699772 53 53 
1491907699794 52 51 
1491907699836 107 105 
1491907699852 51 53 
1491907699875 54 53 
1491907699896 54 53 
1491907699912 53 53 
1491907699935 51 53 
1491907699956 51 52 
1491907699977 52 51 
1491907699992 53 51 
1491907700014 52 52 
1491907700035 53 53 
1491907700051 53 54 
1491907700074 53 52 
1491907700095 52 52 
1491907700116 53 53 
1491907700132 53 53 
1491907700175 106 106 
1491907700180 53 52 
1491907700212 53 53 
1491907700234 53 52 
1491907700255 52 52 
1491907700276 53 53 
1491907700292 53 53 
1491907700315 52 52 
1491907700336 52 52 
1491907700352 53 52 
1491907700375 53 53 
1491907700396 52 55 
1491907700412 54 51 
1491907700435 51 52 
1491907700455 52 52 
1491907700471 52 52 
1491907700494 52 54 
1491907700515 53 53 
1491907700531 53 51 
1491907700554 52 53 
1491907700575 54 52 
1491907700581 52 53 
1491907700612 52 53 
1491907700634 53 53 
1491907700655 54 53 
1491907700660 52 53 
1491907700692 53 53 
1491907700715 52 53 
1491907700736 54 53 
1491907700752 53 53 
1491907700774 53 52 
1491907700795 53 53 
1491907700816 54 53 
1491907700821 52 55 
1491907700853 53 53 
1491907700875 53 52 
1491907700895 53 53 
1491907700912 53 53 
1491907700934 53 54 
1491907700955 54 52 
1491907700976 54 55 
1491907700992 53 53 
1491907701014 52 53 
1491907701035 53 53 
1491907701051 54 53 
1491907701074 54 55 
1491907701095 53 54 
1491907701111 53 53 
1491907701134 54 53 
1491907701155 54 53 
1491907701176 53 53 
1491907701192 53 53 
1491907701214 54 51 
1491907701235 53 54 
1491907701256 53 54 
1491907701261 53 54 
1491907701293 54 53 
1491907701315 54 53 
1491907701336 53 53 
1491907701352 52 54 
1491907701375 55 53 
1491907701395 53 53 
1491907701416 54 54 
1491907701432 53 53 
1491907701454 53 54 
1491907701475 54 54 
1491907701491 53 53 
1491907701514 53 53 
1491907701535 54 54 
1491907701556 54 53 
1491907701572 53 54 
1491907701594 53 54 
1491907701615 54 53 
1491907701636 53 53 
1491907701652 54 54 
1491907701674 53 53 
1491907701695 53 53 
1491907701716 55 54 
1491907701732 54 55 
1491907701755 54 53 
1491907701776 54 54 
1491907701792 52 53 
1491907701815 54 54 
1491907701836 53 54 
1491907701856 55 53 
1491907701872 53 55 
1491907701894 55 52 
1491907701915 56 54 
1491907701931 55 54 
1491907701954 54 54 
1491907701975 52 53 
1491907701996 52 54 
1491907702012 54 53 
1491907702034 54 53 
1491907702055 54 53 
1491907702071 53 53 
1491907702094 54 54 
1491907702115 55 54 
1491907702136 56 56 
1491907702152 55 55 
1491907702175 55 55 
1491907702196 55 54 
1491907702212 54 54 
1491907702235 52 55 
1491907702256 54 53 
1491907702272 53 52 
1491907702295 55 53 
1491907702315 53 56 
1491907702331 55 53 
1491907702354 53 53 
1491907702375 54 53 
1491907702391 53 55 
1491907702414 55 55 
1491907702435 54 55 
1491907702441 55 55 
1491907702472 53 53 
1491907702494 54 54 
1491907702515 54 53 
1491907702531 54 55 
1491907702554 54 54 
1491907702575 55 54 
1491907702596 53 53 
1491907702612 53 54 
1491907702635 55 54 
1491907702656 54 54 
1491907702672 55 54 
1491907702695 54 54 
1491907702716 55 55 
1491907702732 54 55 
1491907702754 54 55 
1491907702775 54 55 
1491907702791 54 53 
1491907702814 54 54 
1491907702835 55 54 
1491907702856 55 56 
1491907702872 54 55 
1491907702894 55 54 
1491907702915 54 54 
1491907702931 53 54 
1491907702954 54 55 
1491907702975 56 54 
1491907702991 54 55 
1491907703014 55 55 
1491907703035 53 54 
1491907703056 56 55 
1491907703072 55 55 
1491907703094 54 54 
1491907703115 54 55 
1491907703136 55 52 
1491907703141 55 55 
1491907703173 54 55 
1491907703194 54 55 
1491907703215 55 53 
1491907703231 54 54 
1491907703254 54 54 
1491907703275 55 56 
1491907703296 55 54 
1491907703312 55 54 
1491907703334 54 55 
1491907703355 55 55 
1491907703371 54 54 
1491907703394 55 56 
1491907703415 55 54 
1491907703436 54 55 
1491907703452 55 55 
1491907703474 55 54 
1491907703495 54 55 
1491907703500 54 54 
1491907703532 54 53 
1491907703554 54 55 
1491907703575 55 55 
1491907703596 55 55 
1491907703612 55 54 
1491907703635 54 55 
1491907703656 56 55 
1491907703672 55 55 
1491907703695 55 56 
1491907703736 109 110 
1491907703752 56 55 
1491907703774 55 55 
1491907703795 55 55 
1491907703811 54 55 
1491907703834 55 54 
1491907703855 55 55 
1491907703876 55 56 
1491907703892 55 55 
1491907703914 55 54 
1491907703935 54 55 
1491907703940 54 54 
1491907703972 55 55 
1491907703994 56 55 
1491907704015 55 56 
1491907704036 55 56 
1491907704052 55 54 
1491907704075 56 54 
1491907704096 55 56 
1491907704112 55 56 
1491907704134 55 55 
1491907704156 55 53 
1491907704176 55 56 
1491907704192 55 55 
1491907704214 55 56 
1491907704235 55 53 
1491907704251 54 54 
1491907704274 55 56 
1491907704295 55 55 
1491907704316 56 56 
1491907704332 56 56 
1491907704354 54 55 
1491907704375 55 54 
1491907704380 55 54 
1491907704412 55 56 
1491907704434 54 56 
1491907704455 56 55 
1491907704476 55 55 
1491907704492 55 55 
1491907704515 54 56 
1491907704536 56 55 
1491907704552 55 54 
1491907704575 56 55 
1491907704596 56 56 
1491907704612 57 56 
1491907704635 55 56 
1491907704655 56 56 
1491907704671 56 54 
1491907704694 56 53 
1491907704715 53 55 
1491907704731 55 55 
1491907704754 57 57 
1491907704775 58 58 
1491907704781 57 56 
1491907704812 55 55 
1491907704834 56 56 
1491907704855 55 56 
1491907704871 55 56 
1491907704894 55 55 
1491907704915 56 53 
1491907704936 56 56 
1491907704952 56 56 
1491907704974 54 56 
1491907704995 54 54 
1491907705016 55 54 
1491907705032 56 57 
1491907705055 55 56 
1491907705076 56 56 
1491907705092 56 55 
1491907705114 55 55 
1491907705135 55 56 
1491907705151 58 57 
1491907705174 59 56 
1491907705195 58 56 
1491907705211 55 57 
1491907705234 53 54 
1491907705255 52 53 
1491907705271 54 53 
1491907705294 53 55 
1491907705315 56 56 
1491907705336 56 56 
1491907705352 56 55 
1491907705374 56 56 
1491907705395 55 55 
1491907705416 56 56 
1491907705432 57 57 
1491907705454 57 56 
1491907705475 57 55 
1491907705496 55 55 
1491907705512 54 55 
1491907705535 55 56 
1491907705555 55 55 
1491907705572 55 56 
1491907705594 55 56 
1491907705615 56 55 
1491907705631 56 55 
1491907705654 56 56 
1491907705675 55 56 
1491907705691 55 55 
1491907705714 56 57 
1491907705735 57 56 
1491907705756 56 57 
1491907705772 56 56 
1491907705794 55 56 
1491907705815 56 55 
1491907705820 55 55 
1491907705852 56 57 
1491907705874 57 56 
1491907705895 55 55 
1491907705916 57 56 
1491907705932 56 55 
1491907705955 56 56 
1491907705976 56 57 
1491907705992 55 56 
1491907706015 56 56 
1491907706035 56 55 
1491907706056 56 57 
1491907706072 55 56 
1491907706094 56 55 
1491907706115 55 55 
1491907706131 55 55 
1491907706154 56 55 
1491907706175 55 57 
1491907706196 58 58 
1491907706212 55 56 
1491907706234 56 54 
1491907706255 54 55 
1491907706271 55 55 
1491907706294 56 57 
1491907706315 57 55 
1491907706336 55 57 
1491907706352 56 56 
1491907706375 56 56 
1491907706396 57 56 
1491907706412 55 56 
1491907706435 56 56 
1491907706456 57 56 
1491907706472 57 57 
1491907706494 56 58 
1491907706515 55 55 
1491907706531 56 54 
1491907706554 55 56 
1491907706575 55 56 
1491907706591 56 56 
1491907706614 55 55 
1491907706635 56 55 
1491907706651 58 57 
1491907706674 57 58 
1491907706695 58 58 
1491907706711 54 55 
1491907706734 57 55 
1491907706755 55 58 
1491907706776 56 55 
1491907706792 56 56 
1491907706815 57 56 
1491907706836 56 58 
1491907706852 56 53 
1491907706874 56 56 
1491907706895 56 57 
1491907706916 56 56 
1491907706932 56 56 
1491907706954 57 56 
1491907706975 56 57 
1491907706991 56 56 
1491907707014 57 56 
1491907707035 56 56 
1491907707051 56 57 
1491907707074 56 56 
1491907707095 57 54 
1491907707111 57 57 
1491907707134 54 55 
1491907707155 55 56 
1491907707171 55 55 
1491907707194 55 56 
1491907707215 56 56 
1491907707236 57 56 
1491907707252 57 58 
1491907707275 58 58 
1491907707296 56 56 
1491907707312 56 55 
1491907707334 56 55 
1491907707376 109 109 
1491907707392 53 53 
1491907707415 52 53 
1491907707435 51 51 
1491907707451 50 50 
1491907707474 50 49 
1491907707495 51 49 
1491907707511 49 50 
1491907707534 47 49 
1491907707555 48 47 
1491907707571 46 45 
1491907707594 45 46 
1491907707615 45 46 
1491907707631 44 44 
1491907707654 44 44 
1491907707675 43 43 
1491907707696 43 43 
1491907707712 43 43 
1491907707734 41 41 
1491907707755 42 42 
1491907707776 39 39 
1491907707792 37 38 
1491907707815 37 37 
1491907707836 41 38 
1491907707852 40 40 
1491907707874 38 38 
1491907707895 39 38 
1491907707916 37 36 
1491907707936 38 37 
1491907707952 36 36 
1491907707974 35 36 
1491907707995 33 34 
1491907708011 34 33 
1491907708034 33 34 
1491907708055 33 33 
1491907708076 32 32 
1491907708092 31 32 
1491907708135 62 61 
1491907708151 29 30 
1491907708174 30 31 
1491907708195 32 32 
1491907708200 29 28 
1491907708232 29 28 
1491907708254 29 28 
1491907708275 29 30 
1491907708296 26 28 
1491907708312 27 29 
1491907708334 27 26 
1491907708355 28 26 
1491907708376 25 26 
1491907708392 25 26 
1491907708414 28 25 
1491907708435 25 25 
1491907708451 21 24 
1491907708474 23 24 
1491907708495 25 24 
1491907708516 26 24 
1491907708532 22 24 
1491907708554 22 23 
1491907708575 23 21 
1491907708591 24 22 
1491907708614 22 23 
1491907708635 21 24 
1491907708656 20 21 
1491907708672 21 19 
1491907708694 22 20 
1491907708715 20 22 
1491907708736 21 22 
1491907708752 19 19 
1491907708774 20 19 
1491907708816 40 39 
1491907708832 19 18 
1491907708855 19 18 
1491907708875 17 18 
1491907708891 18 19 
1491907708914 18 18 
1491907708935 18 17 
1491907708956 16 15 
1491907708972 16 17 
1491907708994 16 17 
1491907709015 17 18 
1491907709031 19 17 
1491907709054 18 15 
1491907709075 15 15 
1491907709096 14 16 
1491907709112 13 15 
1491907709134 14 14 
1491907709155 16 16 
1491907709160 16 15 
1491907709192 16 15 
1491907709214 13 14 
1491907709235 12 12 
1491907709256 12 10 
1491907709272 14 15 
1491907709295 14 16 
1491907709315 15 14 
1491907709331 15 13 
1491907709354 12 12 
1491907709375 11 12 
1491907709391 12 10 
1491907709414 11 11 
1491907709435 12 14 
1491907709451 13 14 
1491907709474 12 12 
1491907709495 13 11 
1491907709511 12 10 
1491907709534 10 11 
1491907709555 10 10 
1491907709576 12 10 
1491907709592 10 10 
1491907709614 9 10 
1491907709635 9 11 
1491907709656 11 10 
1491907709672 10 10 
1491907709695 11 11 
1491907709716 10 11 
1491907709732 11 9 
1491907709754 10 10 
1491907709775 10 9 
1491907709791 10 10 
1491907709814 10 10 
1491907709835 11 11 
1491907709851 9 10 
1491907709874 11 11 
1491907709895 10 10 
1491907709911 10 10 
1491907709934 10 10 
1491907709955 10 10 
1491907709960 10 10 
1491907709992 10 9 
1491907710014 8 10 
1491907710035 10 10 
1491907710040 10 9 
1491907710072 11 10 
1491907710094 10 10 
ROTATE: 1.57080
1491907710115 0 1 
1491907710136 -2 -1 
1491907710152 1 0 
1491907710174 0 0 
1491907710194 0 0 
1491907710215 1 0 
1491907710231 4 0 
1491907710254 4 -1 
1491907710275 5 -1 
1491907710291 5 -3 
1491907710314 7 -4 
1491907710335 7 -5 
1491907710351 7 -7 
1491907710374 7 -8 
1491907710395 6 -10 
1491907710401 9 -12 
1491907710432 8 -10 
1491907710454 12 -14 
1491907710475 14 -14 
1491907710480 17 -16 
1491907710512 17 -14 
1491907710535 21 -18 
1491907710556 20 -18 
1491907710572 18 -18 
1491907710595 18 -20 
1491907710616 20 -20 
1491907710632 20 -17 
1491907710655 22 -17 
1491907710675 19 -17 
1491907710696 18 -19 
1491907710712 17 -22 
1491907710734 17 -19 
1491907710755 16 -17 
1491907710771 18 -19 
1491907710794 18 -17 
1491907710815 18 -17 
1491907710836 18 -20 
1491907710852 18 -18 
1491907710874 20 -17 
1491907710895 20 -18 
1491907710911 20 -18 
1491907710934 16 -21 
1491907710955 16 -19 
1491907710976 17 -18 
1491907710992 19 -18 
1491907711015 18 -19 
1491907711036 16 -18 
1491907711052 16 -20 
1491907711075 17 -19 
1491907711096 18 -19 
1491907711116 20 -17 
1491907711132 19 -17 
1491907711154 19 -19 
1491907711175 18 -20 
1491907711191 19 -18 
1491907711214 20 -18 
1491907711235 21 -19 
1491907711251 20 -18 
1491907711274 20 -20 
1491907711295 17 -21 
1491907711311 19 -20 
1491907711334 19 -20 
1491907711355 19 -18 
1491907711371 19 -18 
1491907711394 19 -19 
1491907711415 19 -18 
1491907711436 19 -18 
1491907711452 20 -18 
1491907711474 19 -18 
1491907711495 20 -20 
1491907711516 19 -20 
1491907711532 18 -19 
1491907711555 20 -19 
1491907711576 20 -19 
1491907711592 20 -19 
1491907711614 18 -21 
1491907711635 18 -19 
1491907711651 19 -19 
1491907711674 20 -17 
1491907711695 20 -19 
1491907711711 20 -19 
1491907711734 19 -20 
1491907711755 19 -20 
1491907711771 20 -19 
1491907711794 21 -18 
1491907711815 20 -20 
1491907711831 19 -20 
1491907711854 19 -20 
1491907711875 19 -21 
1491907711896 20 -18 
1491907711912 19 -18 
1491907711934 19 -19 
1491907711955 18 -19 
1491907711960 17 -17 
1491907711992 19 -18 
1491907712015 16 -14 
1491907712036 17 -15 
1491907712052 16 -16 
1491907712074 14 -16 
1491907712095 13 -15 
1491907712115 15 -15 
1491907712136 14 -13 
1491907712152 15 -11 
1491907712174 14 -13 
1491907712195 13 -14 
1491907712211 11 -13 
1491907712234 11 -13 
1491907712255 11 -12 
1491907712276 13 -12 
1491907712292 13 -10 
1491907712314 11 -9 
1491907712335 11 -9 
1491907712351 11 -11 
1491907712374 10 -11 
1491907712395 9 -11 
1491907712400 10 -9 
1491907712432 8 -10 
1491907712454 10 -10 
1491907712475 9 -8 
1491907712496 9 -8 
1491907712512 9 -9 
1491907712534 8 -7 
1491907712554 8 -6 
1491907712575 8 -6 
1491907712591 8 -8 
1491907712614 8 -7 
1491907712635 7 -7 
1491907712651 7 -8 
1491907712674 7 -7 
1491907712695 7 -7 
1491907712716 6 -6 
1491907712732 7 -8 
1491907712754 7 -7 
1491907712775 6 -7 
1491907712791 7 -8 
1491907712814 7 -6 
1491907712835 6 -6 
1491907712856 7 -5 
1491907712872 7 -6 
1491907712894 8 -7 
1491907712915 7 -6 
1491907712920 7 -7 
1491907712952 8 -8 
1491907712995 14 -14 
1491907713016 7 -7 
1491907713032 7 -8 
1491907713054 6 -8 
1491907713075 7 -6 
1491907713091 7 -7 
1491907713114 7 -8 
1491907713135 7 -6 
1491907713156 7 -5 
1491907713172 7 -6 
1491907713194 7 -6 
1491907713215 8 -7 
1491907713231 7 -5 
1491907713254 8 -8 
1491907713275 8 -9 
1491907713296 8 -7 
1491907713312 7 -6 
1491907713334 7 -8 
1491907713355 7 -8 
1491907713371 7 -7 
1491907713394 7 -7 
1491907713415 6 -8 
1491907713436 8 -7 
1491907713452 8 -5 
1491907713474 8 -6 
1491907713495 7 -7 
1491907713515 7 -7 
1491907713531 8 -6 
1491907713553 7 -9 
1491907713574 8 -8 
1491907713595 8 -6 
1491907713611 8 -7 
STOP
1491907713634 7 -9 
1491907713655 7 -8 
1491907713671 5 -4 
1491907713694 -4 3 
