1491907391634 0 0 
1491907391656 0 0 
1491907391676 0 0 
1491907391692 0 0 
1491907391715 0 0 
1491907391736 0 0 
1491907391752 0 0 
1491907391775 0 0 
1491907391796 0 0 
1491907391817 0 0 
1491907391833 0 0 
1491907391855 0 0 
1491907391876 0 0 
1491907391897 0 0 
1491907391902 0 0 
1491907391934 0 0 
1491907391956 0 0 
1491907391977 0 0 
1491907391993 0 0 
1491907392016 0 0 
1491907392037 0 0 
1491907392058 0 0 
1491907392074 0 0 
1491907392096 0 0 
1491907392117 0 0 
1491907392132 0 0 
1491907392155 0 0 
1491907392176 0 0 
1491907392197 0 0 
1491907392213 0 0 
1491907392235 0 0 
1491907392256 0 0 
1491907392272 0 0 
1491907392295 0 0 
1491907392316 0 0 
1491907392322 0 0 
1491907392342 0 0 
1491907392374 0 0 
1491907392396 0 0 
1491907392417 0 0 
1491907392433 0 0 
1491907392455 0 0 
1491907392476 0 0 
1491907392497 0 0 
1491907392513 0 0 
1491907392536 0 0 
1491907392557 0 0 
1491907392573 0 0 
1491907392596 0 0 
STRAIGHT: 3.00000
1491907392617 0 0 
1491907392638 0 0 
1491907392653 0 0 
1491907392675 0 0 
1491907392696 0 0 
1491907392712 0 0 
1491907392735 0 0 
1491907392756 0 0 
1491907392777 0 0 
1491907392793 4 4 
1491907392815 6 7 
1491907392836 4 5 
1491907392857 5 4 
1491907392873 6 6 
1491907392895 7 7 
1491907392937 18 17 
1491907392953 10 10 
1491907392976 13 13 
1491907392997 13 13 
1491907393013 14 16 
1491907393036 14 16 
1491907393057 17 18 
1491907393078 16 17 
1491907393094 19 17 
1491907393116 19 19 
1491907393137 21 22 
1491907393152 21 22 
1491907393175 23 22 
1491907393196 23 22 
1491907393217 24 25 
1491907393233 25 26 
1491907393255 27 27 
1491907393276 28 27 
1491907393282 29 30 
1491907393313 29 31 
1491907393335 31 32 
1491907393356 33 31 
1491907393377 34 34 
1491907393393 33 36 
1491907393416 35 34 
1491907393437 38 35 
1491907393453 37 39 
1491907393476 39 41 
1491907393497 39 39 
1491907393513 41 40 
1491907393536 41 41 
1491907393557 42 44 
1491907393573 44 44 
1491907393596 46 45 
1491907393617 45 46 
1491907393633 47 48 
1491907393655 45 46 
1491907393676 47 47 
1491907393682 47 46 
1491907393713 47 46 
1491907393756 92 94 
1491907393762 47 46 
1491907393793 48 47 
1491907393816 46 47 
1491907393837 47 48 
1491907393853 46 45 
1491907393875 45 46 
1491907393896 46 46 
1491907393917 47 46 
1491907393938 48 49 
1491907393954 49 48 
1491907393976 49 48 
1491907393997 47 48 
1491907394013 46 46 
1491907394036 46 48 
1491907394057 47 48 
1491907394078 47 46 
1491907394094 48 46 
1491907394116 48 48 
1491907394137 47 47 
1491907394153 47 47 
1491907394175 47 47 
1491907394196 47 48 
1491907394212 48 49 
1491907394235 47 48 
1491907394256 47 46 
1491907394277 47 46 
1491907394293 48 47 
1491907394315 47 47 
1491907394336 49 47 
1491907394357 48 49 
1491907394373 50 50 
1491907394396 48 49 
1491907394417 49 48 
1491907394433 48 48 
1491907394456 49 48 
1491907394477 47 49 
1491907394493 47 49 
1491907394516 48 49 
1491907394537 49 48 
1491907394553 48 47 
1491907394576 49 49 
1491907394597 48 48 
1491907394613 49 47 
1491907394636 48 47 
1491907394657 48 51 
1491907394672 49 49 
1491907394695 48 48 
1491907394716 48 48 
1491907394732 48 48 
1491907394755 49 50 
1491907394776 49 49 
1491907394782 49 48 
1491907394813 49 47 
1491907394835 47 49 
1491907394856 50 47 
1491907394877 48 48 
1491907394893 50 50 
1491907394915 49 51 
1491907394936 50 49 
1491907394957 48 48 
1491907394973 48 49 
1491907394996 49 49 
1491907395017 49 50 
1491907395033 50 48 
1491907395056 48 48 
1491907395077 48 49 
1491907395097 49 49 
1491907395113 50 49 
1491907395135 48 49 
1491907395156 50 50 
1491907395172 49 49 
1491907395195 50 49 
1491907395216 50 49 
1491907395237 49 50 
1491907395253 49 50 
1491907395276 50 50 
1491907395297 49 49 
1491907395313 47 48 
1491907395335 50 49 
1491907395356 51 50 
1491907395377 51 50 
1491907395398 50 50 
1491907395414 50 50 
1491907395436 49 50 
1491907395457 49 49 
1491907395473 50 50 
1491907395496 50 50 
1491907395517 49 50 
1491907395538 50 50 
1491907395554 50 50 
1491907395575 49 50 
1491907395596 51 49 
1491907395612 50 50 
1491907395635 51 51 
1491907395656 50 51 
1491907395677 51 50 
1491907395693 49 49 
1491907395715 50 50 
1491907395736 51 50 
1491907395757 49 50 
1491907395773 50 50 
1491907395795 50 51 
1491907395816 50 50 
1491907395837 51 50 
1491907395853 51 50 
1491907395876 49 50 
1491907395897 50 49 
1491907395913 50 50 
1491907395936 50 50 
1491907395957 50 51 
1491907395973 50 49 
1491907395996 49 50 
1491907396017 49 48 
1491907396033 49 48 
1491907396055 51 49 
1491907396076 50 49 
1491907396092 51 50 
1491907396115 51 53 
1491907396136 51 52 
1491907396157 53 51 
1491907396173 52 51 
1491907396195 50 50 
1491907396216 48 52 
1491907396237 49 49 
1491907396242 49 47 
1491907396274 50 47 
1491907396296 50 52 
1491907396317 51 53 
1491907396333 50 49 
1491907396356 50 51 
1491907396377 52 50 
1491907396398 52 53 
1491907396414 51 52 
1491907396436 51 51 
1491907396457 51 51 
1491907396473 51 50 
1491907396496 52 52 
1491907396517 51 51 
1491907396537 51 52 
1491907396553 50 52 
1491907396575 51 51 
1491907396596 50 51 
1491907396602 51 51 
1491907396633 52 51 
1491907396676 102 102 
1491907396697 45 42 
1491907396713 45 47 
1491907396736 52 50 
1491907396757 56 55 
1491907396773 53 54 
1491907396796 51 51 
1491907396817 51 51 
1491907396838 54 54 
1491907396854 54 54 
1491907396876 53 52 
1491907396897 52 50 
1491907396913 51 50 
1491907396936 52 53 
1491907396957 54 54 
1491907396978 54 53 
1491907396994 52 51 
1491907397016 51 50 
1491907397036 50 52 
1491907397052 50 52 
1491907397075 50 50 
1491907397096 50 49 
1491907397117 51 50 
1491907397133 50 52 
1491907397156 52 51 
1491907397177 52 52 
1491907397193 52 52 
1491907397216 52 52 
1491907397237 51 53 
1491907397253 53 51 
1491907397276 54 53 
1491907397297 52 52 
1491907397313 52 53 
1491907397336 50 52 
1491907397357 50 52 
1491907397373 52 51 
1491907397396 52 52 
1491907397417 53 53 
1491907397422 51 52 
1491907397454 52 51 
1491907397475 52 52 
1491907397496 52 52 
1491907397502 52 53 
1491907397533 52 52 
1491907397556 52 52 
1491907397577 52 52 
1491907397593 52 52 
1491907397616 53 53 
1491907397637 52 51 
1491907397653 53 53 
1491907397676 52 53 
1491907397697 53 52 
1491907397713 52 52 
1491907397736 53 52 
1491907397757 52 52 
1491907397773 50 52 
1491907397796 52 52 
1491907397817 52 51 
1491907397833 52 52 
1491907397856 54 53 
1491907397877 52 53 
1491907397898 52 53 
1491907397914 52 51 
1491907397935 52 52 
1491907397956 53 53 
1491907397962 53 52 
1491907397993 53 54 
1491907398015 52 52 
1491907398036 52 53 
1491907398057 53 51 
1491907398073 52 51 
1491907398095 50 51 
1491907398116 51 51 
1491907398137 52 52 
1491907398153 53 51 
1491907398176 52 54 
1491907398197 52 52 
1491907398213 52 52 
1491907398236 53 52 
1491907398257 53 53 
1491907398278 53 54 
1491907398294 51 53 
1491907398316 53 52 
1491907398337 52 52 
1491907398353 52 53 
1491907398375 53 53 
1491907398397 54 53 
1491907398417 53 52 
1491907398433 52 52 
1491907398455 51 53 
1491907398476 53 52 
1491907398497 52 52 
1491907398513 52 53 
1491907398536 54 54 
1491907398557 53 53 
1491907398578 53 53 
1491907398594 52 52 
1491907398616 52 52 
1491907398637 52 52 
1491907398653 51 51 
1491907398676 52 51 
1491907398697 53 53 
1491907398718 54 55 
1491907398734 53 53 
1491907398756 52 52 
1491907398777 53 53 
1491907398793 52 51 
1491907398816 54 54 
1491907398836 54 53 
1491907398857 54 54 
1491907398873 53 53 
1491907398895 52 52 
1491907398916 52 53 
1491907398937 52 52 
1491907398953 53 52 
1491907398975 52 53 
1491907398996 53 54 
1491907399017 54 52 
1491907399033 54 54 
1491907399056 53 53 
1491907399077 52 53 
1491907399093 52 52 
1491907399116 53 53 
1491907399137 53 52 
1491907399158 54 54 
1491907399174 54 54 
1491907399196 52 52 
1491907399217 53 53 
1491907399233 53 53 
1491907399256 54 54 
1491907399277 53 54 
1491907399298 54 54 
1491907399314 52 53 
1491907399336 54 52 
1491907399356 54 54 
1491907399362 53 53 
1491907399393 53 54 
1491907399415 54 53 
1491907399436 54 54 
1491907399457 54 53 
1491907399473 53 54 
1491907399496 54 54 
1491907399517 52 54 
1491907399533 53 51 
1491907399556 53 54 
1491907399577 55 53 
1491907399593 53 54 
1491907399616 54 54 
1491907399637 54 54 
1491907399653 53 51 
1491907399676 54 53 
1491907399697 55 52 
1491907399713 55 54 
1491907399736 56 55 
1491907399757 53 54 
1491907399778 52 52 
1491907399794 51 53 
1491907399816 52 52 
1491907399836 51 51 
1491907399873 109 105 
1491907399896 54 54 
1491907399917 53 55 
1491907399933 55 53 
1491907399955 54 54 
1491907399976 55 55 
1491907399997 55 55 
1491907400018 56 55 
1491907400034 54 55 
1491907400056 52 54 
1491907400077 53 55 
1491907400093 54 54 
1491907400116 54 54 
1491907400137 55 52 
1491907400158 54 55 
1491907400174 54 54 
1491907400217 109 107 
1491907400256 106 109 
1491907400293 106 106 
1491907400315 49 49 
1491907400336 54 53 
1491907400357 56 55 
1491907400373 57 59 
1491907400395 57 56 
1491907400416 55 53 
1491907400437 56 56 
1491907400453 58 57 
1491907400476 56 56 
1491907400497 55 54 
1491907400513 54 53 
1491907400536 55 55 
1491907400557 56 56 
1491907400573 52 56 
1491907400596 52 52 
1491907400617 54 53 
1491907400633 55 55 
1491907400656 55 53 
1491907400677 53 54 
1491907400693 54 54 
1491907400716 55 54 
1491907400737 56 57 
1491907400742 54 55 
1491907400774 56 55 
1491907400795 55 54 
1491907400822 108 110 
1491907400853 54 54 
1491907400875 55 54 
1491907400896 54 54 
1491907400917 54 55 
1491907400933 55 54 
1491907400955 55 55 
1491907400976 55 55 
1491907400997 53 55 
1491907401013 54 54 
1491907401036 56 55 
1491907401057 56 55 
1491907401073 54 56 
1491907401096 55 55 
1491907401117 54 54 
1491907401133 56 54 
1491907401156 54 55 
1491907401177 56 57 
1491907401182 54 54 
1491907401214 54 53 
1491907401236 54 54 
1491907401257 55 56 
1491907401273 56 55 
1491907401295 55 55 
1491907401316 56 55 
1491907401337 54 56 
1491907401353 55 54 
1491907401375 56 56 
1491907401396 54 55 
1491907401417 55 55 
1491907401433 55 55 
1491907401456 54 56 
1491907401477 53 55 
1491907401493 51 55 
1491907401516 55 54 
1491907401537 56 56 
1491907401553 58 57 
1491907401576 58 56 
1491907401597 56 55 
1491907401618 56 55 
1491907401634 54 53 
1491907401656 51 51 
1491907401677 53 54 
1491907401693 54 55 
1491907401716 55 55 
1491907401737 54 56 
1491907401757 56 54 
1491907401773 53 54 
1491907401795 55 54 
1491907401816 56 55 
1491907401837 54 54 
1491907401853 56 56 
1491907401875 56 55 
1491907401917 111 111 
1491907401933 53 54 
1491907401956 54 55 
1491907401977 55 54 
1491907401993 54 56 
1491907402016 56 54 
1491907402037 54 55 
1491907402053 54 53 
1491907402076 55 55 
1491907402097 55 53 
1491907402113 55 55 
1491907402136 54 55 
1491907402157 55 56 
1491907402173 56 55 
1491907402196 56 56 
1491907402217 55 56 
1491907402237 55 55 
1491907402253 55 55 
1491907402275 55 54 
1491907402296 56 56 
1491907402302 55 56 
1491907402333 55 55 
1491907402356 55 54 
1491907402377 55 54 
1491907402393 54 56 
1491907402416 56 55 
1491907402437 55 55 
1491907402453 55 56 
1491907402476 56 55 
1491907402497 56 55 
1491907402513 55 56 
1491907402536 56 55 
1491907402557 53 54 
1491907402573 55 54 
1491907402596 55 55 
1491907402617 57 56 
1491907402633 55 56 
1491907402656 56 54 
1491907402677 54 56 
1491907402693 56 54 
1491907402716 55 56 
1491907402736 56 56 
1491907402742 56 56 
1491907402773 54 56 
1491907402795 55 54 
1491907402816 56 55 
1491907402837 55 56 
1491907402853 55 55 
1491907402876 55 53 
1491907402897 55 55 
1491907402918 56 56 
1491907402934 56 55 
1491907402956 55 56 
1491907402977 55 56 
1491907402993 54 54 
1491907403016 56 56 
1491907403037 56 57 
1491907403058 56 56 
1491907403074 55 55 
1491907403096 54 55 
1491907403117 56 56 
1491907403133 56 55 
1491907403155 56 56 
1491907403176 55 56 
1491907403197 56 55 
1491907403213 55 55 
1491907403235 55 56 
1491907403256 55 56 
1491907403277 55 55 
1491907403293 54 55 
1491907403316 55 55 
1491907403337 56 57 
1491907403358 57 57 
1491907403374 56 57 
1491907403396 57 56 
1491907403417 55 55 
1491907403433 54 54 
1491907403456 56 55 
1491907403477 56 56 
1491907403498 56 56 
1491907403514 55 55 
1491907403536 55 55 
1491907403557 55 56 
1491907403573 55 54 
1491907403595 56 57 
1491907403616 56 56 
1491907403637 56 56 
1491907403653 56 56 
1491907403675 56 56 
1491907403696 55 56 
1491907403717 56 55 
1491907403733 56 55 
1491907403755 57 56 
1491907403776 57 58 
1491907403797 55 55 
1491907403813 54 55 
1491907403836 55 54 
1491907403857 55 55 
1491907403873 54 55 
1491907403896 56 56 
1491907403917 56 55 
1491907403938 58 56 
1491907403954 56 57 
1491907403976 56 56 
1491907403997 55 56 
1491907404013 56 56 
1491907404036 56 56 
1491907404057 58 56 
1491907404078 56 57 
1491907404093 55 56 
1491907404115 56 55 
1491907404136 55 56 
1491907404142 56 55 
1491907404173 56 56 
1491907404195 56 56 
1491907404216 56 56 
1491907404237 56 55 
1491907404253 56 56 
1491907404276 56 57 
1491907404297 56 56 
1491907404313 56 56 
1491907404336 57 55 
1491907404373 113 114 
1491907404396 56 56 
1491907404417 56 56 
1491907404433 55 54 
1491907404456 56 56 
1491907404477 56 56 
1491907404493 56 56 
1491907404516 56 56 
1491907404537 56 55 
1491907404553 55 55 
1491907404575 57 57 
1491907404596 56 56 
1491907404612 56 56 
1491907404635 56 56 
1491907404656 57 56 
1491907404677 57 57 
1491907404693 56 56 
1491907404716 56 57 
1491907404737 54 54 
1491907404753 56 56 
1491907404775 56 55 
1491907404796 57 58 
1491907404817 57 57 
1491907404833 56 55 
1491907404856 57 53 
1491907404877 58 52 
1491907404893 59 57 
1491907404916 55 59 
1491907404937 51 57 
1491907404953 54 55 
1491907404976 55 57 
1491907404997 57 58 
1491907405013 54 54 
1491907405035 55 53 
1491907405056 56 52 
1491907405072 56 55 
1491907405095 57 57 
1491907405116 57 58 
1491907405137 58 59 
1491907405153 58 57 
1491907405175 55 57 
1491907405196 56 57 
1491907405217 57 59 
1491907405222 58 58 
1491907405254 55 56 
1491907405276 55 55 
1491907405297 56 54 
1491907405313 53 53 
1491907405336 52 52 
1491907405357 51 52 
1491907405378 52 50 
1491907405394 53 50 
1491907405437 99 100 
1491907405476 92 93 
1491907405496 41 43 
1491907405517 47 47 
1491907405533 47 48 
1491907405555 49 48 
1491907405576 46 45 
1491907405582 44 43 
1491907405613 45 45 
1491907405635 46 46 
1491907405656 43 43 
1491907405677 43 42 
1491907405693 42 41 
1491907405716 41 41 
1491907405737 40 40 
1491907405753 39 40 
1491907405776 39 39 
1491907405797 35 37 
1491907405818 37 36 
1491907405834 37 35 
1491907405856 35 37 
1491907405877 37 37 
1491907405893 36 35 
1491907405916 35 35 
1491907405937 33 35 
1491907405957 36 34 
1491907405973 33 35 
1491907405995 34 34 
1491907406016 33 34 
1491907406022 32 32 
1491907406053 32 32 
1491907406075 33 31 
1491907406096 31 32 
1491907406117 30 31 
1491907406133 29 30 
1491907406156 29 28 
1491907406177 29 28 
1491907406193 29 29 
1491907406216 28 30 
1491907406237 28 27 
1491907406258 26 27 
1491907406274 26 28 
1491907406296 28 26 
1491907406317 26 26 
1491907406333 26 26 
1491907406356 27 26 
1491907406377 27 27 
1491907406398 25 25 
1491907406414 23 24 
1491907406436 24 24 
1491907406456 26 24 
1491907406472 23 24 
1491907406495 22 24 
1491907406516 21 23 
1491907406537 24 22 
1491907406553 22 21 
1491907406576 22 22 
1491907406597 21 22 
1491907406613 21 21 
1491907406635 20 20 
1491907406656 20 20 
1491907406677 20 20 
1491907406693 20 20 
1491907406716 20 20 
1491907406737 19 19 
1491907406753 20 18 
1491907406776 18 19 
1491907406797 19 19 
1491907406813 18 18 
1491907406836 19 18 
1491907406857 18 19 
1491907406873 17 17 
1491907406896 17 16 
1491907406917 18 17 
1491907406933 17 16 
1491907406956 15 17 
1491907406976 16 15 
1491907406982 16 16 
1491907407013 16 16 
1491907407035 16 15 
1491907407056 14 14 
1491907407062 15 15 
1491907407093 14 15 
1491907407116 15 14 
1491907407137 14 15 
1491907407153 15 15 
1491907407176 14 13 
1491907407197 15 13 
1491907407213 13 14 
1491907407236 13 13 
1491907407257 13 14 
1491907407273 12 12 
1491907407296 12 13 
1491907407317 13 12 
1491907407333 13 11 
1491907407356 13 12 
1491907407377 11 12 
1491907407393 12 11 
1491907407415 12 12 
1491907407436 11 11 
1491907407442 11 12 
1491907407473 12 12 
1491907407495 12 10 
1491907407516 11 10 
1491907407532 11 10 
1491907407555 11 10 
1491907407576 11 10 
1491907407597 8 11 
1491907407613 10 11 
1491907407635 10 9 
1491907407656 11 11 
1491907407677 9 9 
1491907407698 10 10 
1491907407714 11 9 
1491907407736 11 10 
1491907407757 10 10 
1491907407773 10 9 
1491907407796 10 10 
1491907407817 9 10 
1491907407838 10 11 
1491907407854 10 10 
1491907407876 10 10 
1491907407897 10 9 
1491907407913 9 9 
1491907407935 11 9 
1491907407956 10 10 
1491907407972 10 9 
1491907407995 9 10 
1491907408016 9 11 
1491907408037 10 10 
1491907408053 9 10 
1491907408075 9 9 
ROTATE: 1.57080
1491907408096 -2 -4 
1491907408117 0 0 
1491907408122 0 1 
1491907408154 0 0 
1491907408176 0 0 
1491907408197 1 -1 
1491907408213 3 0 
1491907408236 3 -1 
1491907408257 3 -2 
1491907408278 3 -3 
1491907408294 6 -4 
1491907408316 4 -5 
1491907408337 5 -7 
1491907408353 5 -8 
1491907408375 8 -9 
1491907408397 9 -8 
1491907408417 11 -11 
1491907408433 13 -13 
1491907408455 14 -14 
1491907408476 16 -13 
1491907408492 17 -16 
1491907408515 21 -17 
1491907408536 21 -18 
1491907408557 18 -17 
1491907408573 17 -19 
1491907408596 17 -20 
1491907408617 18 -19 
1491907408633 17 -17 
1491907408656 17 -15 
1491907408677 18 -18 
1491907408693 19 -18 
1491907408716 17 -19 
1491907408737 17 -18 
1491907408753 20 -17 
1491907408776 21 -18 
1491907408797 19 -17 
1491907408813 18 -19 
1491907408836 17 -18 
1491907408857 19 -19 
1491907408873 21 -18 
1491907408895 20 -17 
1491907408916 20 -19 
1491907408932 18 -19 
1491907408955 17 -20 
1491907408976 20 -18 
1491907408997 20 -16 
1491907409013 21 -18 
1491907409035 19 -19 
1491907409056 18 -19 
1491907409077 18 -20 
1491907409093 18 -19 
1491907409115 19 -17 
1491907409157 38 -37 
1491907409173 17 -19 
1491907409196 18 -20 
1491907409217 19 -17 
1491907409233 19 -16 
1491907409256 20 -19 
1491907409277 18 -19 
1491907409298 18 -19 
1491907409314 18 -21 
1491907409336 21 -17 
1491907409356 19 -18 
1491907409372 20 -19 
1491907409395 19 -19 
1491907409416 19 -21 
1491907409437 19 -19 
1491907409453 19 -17 
1491907409475 20 -19 
1491907409496 19 -19 
1491907409517 19 -19 
1491907409533 18 -20 
1491907409555 19 -18 
1491907409597 40 -38 
1491907409613 19 -20 
1491907409636 19 -19 
1491907409657 20 -20 
1491907409673 21 -18 
1491907409696 20 -18 
1491907409717 19 -19 
1491907409733 19 -20 
1491907409756 19 -21 
1491907409777 20 -19 
1491907409793 20 -17 
1491907409815 21 -20 
1491907409836 20 -19 
1491907409852 19 -21 
1491907409875 18 -20 
1491907409896 20 -18 
1491907409917 20 -18 
1491907409933 19 -18 
1491907409955 18 -18 
1491907409976 16 -19 
1491907409997 17 -17 
1491907410013 19 -16 
1491907410036 17 -15 
1491907410057 16 -15 
1491907410073 14 -16 
1491907410096 13 -16 
1491907410117 13 -16 
1491907410133 15 -13 
1491907410156 16 -12 
1491907410177 15 -11 
1491907410193 13 -14 
1491907410216 10 -12 
1491907410237 10 -13 
1491907410253 9 -12 
1491907410276 12 -12 
1491907410297 11 -9 
1491907410302 12 -9 
1491907410333 12 -9 
1491907410355 11 -10 
1491907410376 9 -10 
1491907410392 9 -10 
1491907410415 9 -9 
1491907410436 10 -11 
1491907410457 8 -8 
1491907410473 8 -9 
1491907410496 9 -9 
1491907410517 10 -8 
1491907410533 9 -8 
1491907410555 8 -7 
1491907410576 8 -7 
1491907410597 7 -7 
1491907410613 7 -7 
1491907410636 5 -6 
1491907410657 6 -6 
1491907410673 7 -6 
1491907410696 8 -6 
1491907410717 5 -7 
1491907410738 5 -8 
1491907410754 7 -8 
1491907410776 7 -9 
1491907410796 6 -7 
1491907410813 7 -6 
1491907410835 8 -7 
1491907410856 7 -7 
1491907410877 6 -6 
1491907410893 7 -6 
1491907410915 8 -7 
1491907410936 8 -6 
1491907410957 7 -6 
1491907410973 8 -6 
1491907410995 8 -7 
1491907411016 7 -9 
1491907411037 6 -7 
1491907411053 6 -8 
1491907411076 6 -9 
1491907411097 7 -8 
1491907411113 6 -7 
1491907411136 7 -7 
1491907411157 6 -8 
1491907411178 5 -7 
1491907411194 6 -6 
1491907411216 8 -8 
1491907411237 9 -6 
1491907411253 7 -6 
1491907411276 9 -7 
1491907411297 8 -9 
1491907411317 7 -8 
1491907411333 6 -8 
1491907411355 8 -9 
1491907411376 7 -8 
1491907411382 7 -8 
1491907411413 6 -9 
1491907411435 6 -10 
1491907411456 5 -8 
1491907411477 5 -9 
1491907411493 6 -7 
1491907411516 8 -7 
1491907411537 8 -8 
1491907411553 7 -8 
1491907411576 7 -7 
1491907411597 5 -8 
STOP
1491907411613 6 -9 
STRAIGHT: 1491907411636 4 -4 
1491907411657 -1 4 
1491907411673 0 1 
1491907411696 1 0 
1491907411717 0 0 
1491907411733 0 0 
1491907411756 1 1 
1491907411776 0 1 
1491907411782 0 4 
1491907411813 2 3 
1491907411835 4 2 
1491907411856 3 4 
1491907411862 5 6 
1491907411893 6 7 
1491907411916 8 8 
1491907411937 9 7 
1491907411953 9 7 
1491907411975 7 9 
1491907411996 12 12 
1491907412017 14 12 
1491907412022 15 15 
1491907412054 15 16 
1491907412097 32 34 
1491907412113 19 18 
1491907412136 20 21 
1491907412157 22 23 
1491907412178 20 20 
1491907412194 21 20 
1491907412216 21 21 
1491907412237 23 25 
1491907412252 27 25 
1491907412275 28 28 
1491907412296 26 29 
1491907412317 27 27 
1491907412333 30 29 
1491907412355 31 31 
1491907412376 32 33 
1491907412397 35 34 
1491907412413 34 34 
1491907412435 34 35 
1491907412456 35 36 
1491907412477 37 36 
1491907412493 40 38 
1491907412516 38 39 
1491907412537 40 41 
1491907412553 41 41 
1491907412576 42 42 
1491907412597 42 43 
1491907412634 91 91 
1491907412656 48 48 
1491907412677 47 46 
1491907412693 45 47 
1491907412716 47 46 
1491907412737 46 46 
1491907412758 49 48 
1491907412774 48 48 
1491907412795 49 47 
1491907412816 47 47 
1491907412832 47 47 
1491907412855 47 48 
1491907412876 46 48 
1491907412897 47 47 
1491907412913 47 46 
1491907412936 47 47 
1491907412957 47 48 
1491907412973 48 48 
1491907412996 47 46 
1491907413017 47 47 
1491907413033 47 47 
1491907413056 47 47 
1491907413077 47 47 
1491907413093 48 48 
1491907413116 48 48 
1491907413137 48 46 
1491907413153 49 48 
1491907413176 48 47 
1491907413197 46 48 
1491907413202 47 47 
1491907413234 48 49 
1491907413255 49 49 
1491907413276 50 48 
1491907413282 50 49 
1491907413313 48 48 
1491907413335 48 49 
1491907413356 47 49 
1491907413377 46 48 
1491907413393 49 46 
1491907413416 49 46 
1491907413437 48 49 
1491907413453 47 50 
1491907413476 47 48 
1491907413497 46 46 
1491907413513 49 47 
1491907413536 48 49 
1491907413557 47 48 
1491907413573 49 48 
1491907413596 49 48 
1491907413617 49 48 
1491907413638 48 49 
1491907413654 49 48 
1491907413697 97 98 
1491907413712 48 49 
1491907413735 48 50 
1491907413756 49 48 
1491907413777 49 48 
1491907413793 46 47 
1491907413815 49 50 
1491907413836 49 49 
1491907413857 50 48 
1491907413873 49 48 
1491907413896 50 48 
1491907413917 50 51 
1491907413933 49 50 
1491907413956 49 49 
1491907413977 48 48 
1491907413993 48 48 
1491907414016 48 48 
1491907414037 48 49 
1491907414053 50 50 
1491907414076 49 49 
1491907414097 50 50 
1491907414113 50 49 
1491907414136 48 48 
1491907414157 48 49 
1491907414173 50 50 
1491907414195 49 49 
1491907414216 51 49 
1491907414237 49 50 
1491907414253 50 50 
1491907414276 49 50 
1491907414297 49 49 
1491907414313 48 49 
1491907414335 50 49 
1491907414356 49 50 
1491907414377 49 50 
1491907414393 51 49 
1491907414416 51 50 
1491907414437 49 50 
1491907414453 51 50 
1491907414476 51 49 
1491907414497 50 51 
1491907414513 49 50 
1491907414536 49 51 
1491907414557 50 49 
1491907414573 50 48 
1491907414596 48 49 
1491907414617 50 51 
1491907414633 51 50 
1491907414655 51 51 
1491907414676 50 49 
1491907414697 49 50 
1491907414713 50 50 
1491907414735 50 51 
1491907414756 50 51 
1491907414777 51 49 
1491907414793 50 51 
1491907414816 50 51 
1491907414837 50 50 
1491907414853 50 50 
1491907414876 51 50 
1491907414897 52 51 
1491907414913 51 50 
1491907414936 51 50 
1491907414957 49 51 
1491907414973 50 50 
1491907414996 50 50 
1491907415017 51 49 
1491907415033 50 51 
1491907415056 51 50 
1491907415076 50 52 
1491907415082 51 51 
1491907415113 51 50 
1491907415135 52 50 
1491907415156 49 51 
1491907415162 50 50 
1491907415193 49 50 
1491907415216 51 49 
1491907415237 50 50 
1491907415253 52 51 
1491907415276 53 52 
1491907415297 50 51 
1491907415313 51 51 
1491907415336 50 51 
1491907415357 51 50 
1491907415378 50 52 
1491907415394 50 49 
1491907415416 51 51 
1491907415437 52 52 
1491907415453 50 51 
1491907415476 52 50 
1491907415497 51 50 
1491907415518 51 52 
1491907415534 50 53 
1491907415555 52 52 
1491907415576 51 50 
1491907415592 52 49 
1491907415615 52 52 
1491907415636 50 53 
1491907415657 52 52 
1491907415673 51 49 
1491907415696 51 50 
1491907415717 51 52 
1491907415733 51 52 
1491907415756 51 50 
1491907415777 51 51 
1491907415798 52 52 
1491907415814 51 52 
1491907415836 52 51 
1491907415857 51 51 
1491907415873 51 51 
1491907415896 53 53 
1491907415917 53 52 
1491907415933 51 51 
1491907415956 51 51 
1491907415977 51 51 
1491907415993 51 51 
1491907416015 52 51 
1491907416036 52 51 
1491907416052 51 51 
1491907416075 51 51 
1491907416096 52 53 
1491907416117 52 52 
1491907416133 52 52 
1491907416156 53 52 
1491907416177 52 52 
1491907416193 51 52 
1491907416215 52 53 
1491907416257 102 102 
1491907416273 52 51 
1491907416296 52 52 
1491907416317 51 52 
1491907416333 51 51 
1491907416356 52 52 
1491907416377 52 52 
1491907416393 50 51 
1491907416416 52 52 
1491907416437 52 51 
1491907416453 51 50 
1491907416476 53 52 
1491907416497 52 53 
1491907416513 53 53 
1491907416536 52 53 
1491907416557 52 53 
1491907416562 52 52 
1491907416593 53 52 
1491907416615 53 52 
1491907416636 52 53 
1491907416652 51 52 
1491907416675 52 51 
1491907416696 51 50 
1491907416717 52 52 
1491907416733 50 53 
1491907416755 52 52 
1491907416776 54 53 
1491907416797 52 52 
1491907416813 52 52 
1491907416836 52 53 
1491907416857 52 53 
1491907416873 54 53 
1491907416896 53 52 
1491907416917 54 53 
1491907416933 52 53 
1491907416956 52 53 
1491907416977 53 53 
1491907416993 52 52 
1491907417016 53 52 
1491907417037 52 51 
1491907417053 52 53 
1491907417076 52 53 
1491907417097 52 52 
1491907417118 53 52 
1491907417134 54 53 
1491907417156 52 53 
1491907417176 52 52 
1491907417192 53 54 
1491907417215 53 53 
1491907417236 53 52 
1491907417257 54 53 
1491907417273 52 53 
1491907417295 52 54 
1491907417316 53 54 
1491907417337 53 51 
1491907417375 107 106 
1491907417396 54 53 
1491907417417 54 53 
1491907417433 52 51 
1491907417456 53 53 
1491907417477 52 51 
1491907417493 53 54 
1491907417516 52 53 
1491907417537 53 54 
1491907417553 52 52 
1491907417576 54 52 
1491907417597 52 53 
1491907417613 53 53 
1491907417635 53 52 
1491907417656 55 54 
1491907417672 54 53 
1491907417695 52 54 
1491907417716 52 53 
1491907417737 53 52 
1491907417753 52 52 
1491907417796 106 108 
1491907417817 54 52 
1491907417822 53 53 
1491907417854 52 53 
1491907417876 55 55 
1491907417897 55 53 
1491907417913 52 51 
1491907417936 54 53 
1491907417957 52 55 
1491907417978 54 55 
1491907417994 54 52 
1491907418016 53 52 
1491907418037 53 54 
1491907418053 54 55 
1491907418076 53 52 
1491907418097 53 52 
1491907418118 55 55 
1491907418134 52 54 
1491907418156 53 52 
1491907418176 54 53 
1491907418182 53 52 
1491907418213 53 54 
1491907418235 53 54 
1491907418256 54 53 
1491907418277 54 54 
1491907418293 54 55 
1491907418316 53 54 
1491907418337 53 52 
1491907418353 53 54 
1491907418376 55 53 
1491907418397 53 53 
1491907418418 55 54 
1491907418434 53 53 
1491907418456 54 54 
1491907418477 53 54 
1491907418493 54 53 
1491907418516 53 53 
1491907418537 54 54 
1491907418558 54 54 
1491907418574 53 54 
1491907418596 53 53 
1491907418616 55 53 
1491907418632 53 54 
1491907418655 54 54 
1491907418676 53 54 
1491907418697 55 55 
1491907418713 55 53 
1491907418736 53 54 
1491907418757 53 53 
1491907418773 53 54 
1491907418796 53 55 
1491907418817 55 54 
1491907418838 55 54 
1491907418854 55 55 
1491907418876 54 53 
1491907418897 53 55 
1491907418913 54 53 
1491907418936 54 54 
1491907418957 54 53 
1491907418973 54 54 
1491907418996 54 55 
1491907419017 54 55 
1491907419022 53 53 
1491907419054 54 54 
1491907419075 54 53 
1491907419096 54 54 
1491907419102 53 55 
1491907419156 109 108 
1491907419176 54 54 
1491907419197 54 54 
1491907419213 54 54 
1491907419235 54 55 
1491907419256 55 55 
1491907419277 55 55 
1491907419293 53 54 
1491907419316 53 54 
1491907419337 55 54 
1491907419353 53 53 
1491907419376 55 54 
1491907419397 54 53 
1491907419418 56 56 
1491907419434 54 55 
1491907419456 54 55 
1491907419477 54 53 
1491907419493 54 53 
1491907419516 54 54 
1491907419536 53 55 
1491907419542 54 55 
1491907419573 56 55 
1491907419596 55 54 
1491907419617 55 55 
1491907419633 54 55 
1491907419655 54 55 
1491907419676 55 54 
1491907419697 55 55 
1491907419703 54 56 
1491907419734 55 53 
1491907419761 54 55 
1491907419777 56 54 
1491907419793 55 55 
1491907419816 55 54 
1491907419837 54 54 
1491907419858 56 55 
1491907419874 53 56 
1491907419896 55 52 
1491907419917 56 53 
1491907419933 55 54 
1491907419956 54 56 
1491907419977 55 54 
1491907419998 54 53 
1491907420014 53 55 
1491907420035 53 54 
1491907420056 55 55 
1491907420062 55 54 
1491907420093 55 54 
1491907420136 110 109 
1491907420157 56 54 
1491907420173 56 55 
1491907420196 55 55 
1491907420217 55 53 
1491907420233 55 55 
1491907420256 55 54 
1491907420277 55 55 
1491907420298 54 54 
1491907420314 54 54 
1491907420336 55 54 
1491907420357 55 55 
1491907420373 55 55 
1491907420396 55 55 
1491907420417 55 54 
1491907420438 56 55 
1491907420454 54 54 
1491907420476 55 56 
1491907420513 110 110 
1491907420536 55 54 
1491907420556 55 56 
1491907420577 55 57 
1491907420593 55 56 
1491907420615 56 54 
1491907420636 55 56 
1491907420657 54 54 
1491907420673 54 56 
1491907420695 55 56 
1491907420716 56 56 
1491907420737 56 55 
1491907420753 55 54 
1491907420776 55 54 
1491907420813 108 110 
1491907420836 56 55 
1491907420857 55 55 
1491907420878 56 56 
1491907420894 55 56 
1491907420916 56 56 
1491907420937 55 55 
1491907420953 54 55 
1491907420976 56 55 
1491907420997 56 57 
1491907421018 56 56 
1491907421034 54 55 
1491907421056 56 54 
1491907421076 55 55 
1491907421097 55 55 
1491907421113 55 57 
1491907421135 56 55 
1491907421156 56 54 
1491907421177 55 55 
1491907421193 53 56 
1491907421216 56 56 
1491907421237 55 53 
1491907421253 55 56 
1491907421276 56 55 
1491907421297 58 56 
1491907421313 57 57 
1491907421336 54 56 
1491907421357 54 56 
1491907421373 55 54 
1491907421396 55 54 
1491907421417 56 56 
1491907421433 55 57 
1491907421456 57 57 
1491907421477 55 53 
1491907421498 55 54 
1491907421514 54 56 
1491907421536 55 55 
1491907421556 56 55 
1491907421577 55 55 
1491907421593 56 57 
1491907421616 54 56 
1491907421637 55 55 
1491907421653 55 55 
1491907421675 56 56 
1491907421696 55 55 
1491907421717 56 56 
1491907421738 55 56 
1491907421754 56 55 
1491907421776 56 55 
1491907421797 55 56 
1491907421813 54 54 
1491907421836 56 55 
1491907421857 56 55 
1491907421878 55 57 
1491907421894 55 56 
1491907421916 56 56 
1491907421937 55 54 
1491907421953 55 55 
1491907421976 55 55 
1491907421997 55 56 
1491907422013 56 55 
1491907422036 56 56 
1491907422057 56 56 
1491907422078 55 55 
1491907422093 56 54 
1491907422115 55 56 
1491907422136 54 56 
1491907422157 57 56 
1491907422173 56 55 
1491907422196 56 56 
1491907422217 56 56 
1491907422233 56 57 
1491907422255 55 55 
1491907422276 55 55 
1491907422297 55 54 
1491907422318 57 57 
1491907422334 55 56 
1491907422356 56 56 
1491907422377 56 55 
1491907422393 56 56 
1491907422416 56 56 
1491907422437 55 56 
1491907422458 55 56 
1491907422474 56 55 
1491907422496 56 55 
1491907422517 55 55 
1491907422533 55 56 
1491907422556 55 56 
1491907422577 58 56 
1491907422593 56 56 
1491907422616 57 57 
1491907422637 56 56 
1491907422658 56 57 
1491907422674 55 54 
1491907422695 56 56 
1491907422716 55 54 
1491907422737 56 56 
1491907422753 57 57 
1491907422776 55 57 
1491907422797 56 55 
1491907422813 57 56 
1491907422836 54 55 
1491907422857 56 57 
1491907422873 57 56 
1491907422896 56 56 
1491907422917 56 55 
1491907422933 55 56 
1491907422956 56 56 
1491907422977 56 56 
1491907422993 56 57 
1491907423016 57 56 
1491907423037 56 56 
1491907423042 55 56 
1491907423074 56 56 
1491907423096 56 55 
1491907423117 56 55 
1491907423133 56 55 
1491907423155 57 58 
1491907423176 56 56 
1491907423197 57 57 
1491907423213 55 55 
1491907423236 57 56 
1491907423257 55 55 
1491907423273 56 57 
1491907423296 57 56 
1491907423317 57 56 
1491907423338 56 56 
1491907423354 55 57 
1491907423376 56 56 
1491907423397 56 56 
1491907423413 55 56 
1491907423436 57 56 
1491907423457 57 56 
1491907423478 55 57 
1491907423494 57 56 
1491907423516 57 57 
1491907423537 57 57 
1491907423553 55 55 
1491907423576 56 57 
1491907423597 56 56 
1491907423618 58 57 
1491907423634 56 56 
1491907423656 56 56 
1491907423677 57 57 
1491907423693 56 55 
1491907423715 56 55 
1491907423736 55 56 
1491907423757 56 56 
1491907423763 57 57 
1491907423794 55 56 
1491907423816 56 55 
1491907423837 57 55 
1491907423853 57 58 
1491907423876 57 57 
1491907423897 58 57 
1491907423934 112 113 
1491907423956 55 57 
1491907423977 56 56 
1491907423993 57 57 
1491907424016 57 56 
1491907424037 57 57 
1491907424058 57 57 
1491907424074 56 57 
1491907424095 56 55 
1491907424116 56 55 
1491907424137 55 55 
1491907424153 57 56 
1491907424176 56 58 
1491907424197 56 56 
1491907424213 57 56 
1491907424236 55 56 
1491907424257 56 56 
1491907424273 54 55 
1491907424296 54 55 
1491907424317 54 54 
1491907424333 53 51 
1491907424356 52 52 
1491907424377 51 51 
1491907424393 50 51 
1491907424416 51 50 
1491907424437 50 49 
1491907424453 50 48 
1491907424476 47 48 
1491907424497 46 46 
1491907424518 43 47 
1491907424534 45 45 
1491907424555 44 44 
1491907424576 44 43 
1491907424582 43 43 
1491907424613 43 44 
1491907424636 42 43 
1491907424657 42 42 
1491907424673 41 40 
1491907424696 41 40 
1491907424717 41 40 
1491907424733 39 40 
1491907424756 39 40 
1491907424777 39 38 
1491907424793 39 37 
1491907424816 36 38 
1491907424837 37 37 
1491907424853 36 37 
1491907424876 35 34 
1491907424897 35 35 
1491907424918 36 35 
1491907424934 32 34 
1491907424956 35 35 
1491907424977 34 33 
1491907424993 31 33 
1491907425016 33 31 
1491907425037 33 33 
1491907425053 31 32 
1491907425076 31 31 
1491907425097 31 31 
1491907425118 30 30 
1491907425133 30 29 
1491907425155 28 29 
1491907425176 29 29 
1491907425197 27 27 
1491907425213 30 28 
1491907425236 29 28 
1491907425257 27 29 
1491907425273 24 25 
1491907425296 27 25 
1491907425333 52 52 
1491907425356 24 26 
1491907425377 27 26 
1491907425393 26 25 
1491907425416 25 25 
1491907425437 23 24 
1491907425453 24 23 
1491907425476 25 23 
1491907425497 23 24 
1491907425518 21 23 
1491907425534 21 22 
1491907425556 22 21 
1491907425576 22 22 
1491907425582 23 22 
1491907425613 19 21 
1491907425635 20 18 
1491907425677 41 41 
1491907425693 21 22 
1491907425716 18 18 
1491907425737 18 17 
1491907425753 19 19 
1491907425776 18 20 
1491907425797 21 20 
1491907425813 19 19 
1491907425836 17 16 
1491907425857 16 17 
1491907425873 16 16 
1491907425896 18 18 
1491907425938 37 36 
1491907425954 15 17 
1491907425976 14 14 
1491907425997 16 15 
1491907426002 16 16 
1491907426033 17 18 
1491907426055 17 16 
1491907426076 15 14 
1491907426097 13 14 
1491907426113 13 13 
1491907426136 13 14 
1491907426157 16 14 
1491907426173 16 16 
1491907426196 16 14 
1491907426217 12 13 
1491907426238 11 13 
1491907426254 10 12 
1491907426276 11 10 
1491907426297 14 13 
1491907426313 13 14 
1491907426336 14 14 
1491907426357 13 12 
1491907426378 12 12 
1491907426394 10 10 
1491907426416 11 12 
1491907426437 11 10 
1491907426453 12 11 
1491907426476 11 12 
1491907426497 12 13 
1491907426518 12 11 
1491907426533 12 10 
1491907426555 9 10 
1491907426576 9 10 
1491907426597 9 10 
1491907426613 10 9 
1491907426635 10 9 
1491907426677 20 21 
1491907426693 10 11 
1491907426716 11 10 
1491907426737 10 10 
1491907426753 10 10 
1491907426776 10 11 
1491907426797 10 10 
1491907426818 10 9 
1491907426834 9 10 
1491907426856 10 10 
1491907426877 10 9 
1491907426893 10 11 
1491907426916 11 10 
1491907426937 11 10 
1491907426957 10 11 
1491907426974 10 10 
1491907426995 10 9 
1491907427016 9 10 
1491907427037 9 9 
1491907427053 10 9 
ROTATE: 1.57080
1491907427075 3 4 
1491907427096 -3 -2 
1491907427117 1 0 
1491907427133 0 0 
1491907427156 0 0 
1491907427177 0 0 
1491907427193 2 -2 
1491907427216 3 -2 
1491907427237 4 -3 
1491907427253 2 -1 
1491907427276 3 -4 
1491907427297 4 -5 
1491907427313 6 -6 
1491907427336 6 -8 
1491907427357 7 -8 
1491907427373 11 -9 
1491907427396 13 -9 
1491907427417 15 -12 
1491907427437 16 -13 
1491907427454 17 -16 
1491907427475 16 -17 
1491907427496 20 -20 
1491907427517 21 -17 
1491907427533 19 -16 
1491907427556 19 -18 
1491907427577 18 -20 
1491907427593 16 -19 
1491907427615 16 -19 
1491907427636 15 -16 
1491907427657 19 -17 
1491907427678 19 -16 
1491907427694 19 -18 
1491907427716 17 -19 
1491907427737 18 -19 
1491907427753 20 -17 
1491907427776 21 -17 
1491907427797 19 -17 
1491907427818 19 -19 
1491907427834 18 -20 
1491907427856 18 -20 
1491907427877 17 -17 
1491907427893 19 -18 
1491907427916 20 -17 
1491907427937 18 -19 
1491907427953 18 -19 
1491907427975 18 -19 
1491907427996 19 -16 
1491907428017 20 -17 
1491907428033 20 -17 
1491907428055 18 -19 
1491907428076 18 -20 
1491907428097 19 -19 
1491907428103 19 -18 
1491907428134 20 -19 
1491907428156 20 -18 
1491907428193 36 -40 
1491907428216 18 -18 
1491907428237 19 -18 
1491907428258 21 -17 
1491907428274 19 -19 
1491907428296 19 -19 
1491907428317 19 -20 
1491907428333 18 -18 
1491907428356 20 -18 
1491907428377 21 -18 
1491907428398 20 -21 
1491907428414 20 -20 
1491907428435 18 -19 
1491907428456 18 -20 
1491907428462 20 -19 
1491907428493 20 -18 
1491907428515 20 -20 
1491907428536 18 -19 
1491907428557 20 -19 
1491907428573 19 -19 
1491907428596 20 -18 
1491907428617 21 -20 
1491907428633 19 -21 
1491907428656 18 -19 
1491907428677 20 -19 
1491907428698 19 -19 
1491907428714 21 -20 
1491907428736 20 -21 
1491907428757 18 -19 
1491907428773 18 -19 
1491907428796 20 -19 
1491907428817 21 -18 
1491907428838 21 -20 
1491907428854 19 -21 
1491907428876 19 -19 
1491907428897 19 -19 
1491907428913 19 -17 
1491907428936 19 -17 
1491907428956 18 -19 
1491907428977 17 -18 
1491907428993 16 -17 
1491907429016 15 -17 
1491907429037 16 -16 
1491907429053 16 -14 
1491907429075 14 -15 
1491907429096 14 -15 
1491907429117 14 -13 
1491907429133 14 -13 
1491907429156 14 -13 
1491907429177 13 -11 
1491907429193 13 -10 
1491907429216 12 -12 
1491907429237 10 -12 
1491907429253 11 -13 
1491907429276 10 -10 
1491907429297 11 -11 
1491907429313 13 -11 
1491907429336 11 -11 
1491907429357 11 -10 
1491907429373 9 -9 
1491907429396 10 -9 
1491907429417 9 -9 
1491907429433 7 -7 
1491907429456 7 -8 
1491907429477 8 -8 
1491907429493 8 -7 
1491907429515 8 -8 
1491907429536 9 -9 
1491907429557 9 -8 
1491907429573 8 -9 
1491907429596 8 -8 
1491907429617 9 -7 
1491907429633 7 -6 
1491907429656 7 -6 
1491907429677 6 -6 
1491907429698 5 -6 
1491907429714 5 -5 
1491907429736 6 -6 
1491907429757 7 -7 
1491907429773 7 -7 
1491907429796 8 -6 
1491907429817 8 -7 
1491907429833 8 -8 
1491907429856 7 -7 
1491907429877 8 -8 
1491907429882 8 -8 
1491907429914 8 -8 
1491907429936 8 -6 
1491907429957 7 -7 
1491907429973 7 -7 
1491907429995 6 -6 
1491907430017 5 -6 
1491907430037 6 -6 
1491907430053 6 -7 
1491907430075 7 -7 
1491907430096 7 -6 
1491907430117 8 -7 
1491907430133 8 -8 
1491907430156 8 -8 
1491907430177 7 -7 
1491907430193 8 -9 
1491907430216 8 -8 
1491907430237 8 -7 
1491907430253 8 -6 
1491907430276 7 -7 
1491907430297 5 -7 
1491907430313 6 -5 
1491907430336 6 -7 
1491907430357 6 -7 
1491907430373 8 -6 
1491907430396 8 -6 
1491907430417 8 -7 
1491907430438 7 -8 
1491907430454 9 -8 
1491907430476 8 -7 
1491907430496 8 -9 
1491907430512 9 -8 
1491907430535 8 -7 
1491907430556 8 -7 
1491907430577 6 -7 
STOP
1491907430593 7 -7 
1491907430616 5 -6 
STRAIGHT: 3.00000
1491907430637 -1 1 
1491907430653 -1 1 
1491907430675 0 0 
1491907430696 0 0 
1491907430717 0 0 
1491907430733 0 0 
1491907430756 1 2 
1491907430777 2 2 
1491907430793 2 3 
1491907430816 2 5 
1491907430837 6 6 
1491907430858 4 6 
1491907430874 7 7 
1491907430896 7 7 
1491907430917 9 9 
1491907430933 9 9 
1491907430956 10 10 
1491907430977 11 11 
1491907430993 13 12 
1491907431016 14 16 
1491907431037 13 15 
1491907431058 16 16 
1491907431074 18 16 
1491907431095 18 18 
1491907431116 18 19 
1491907431122 21 21 
1491907431153 22 21 
1491907431176 23 22 
1491907431197 23 22 
1491907431213 24 25 
1491907431235 25 25 
1491907431256 27 27 
1491907431277 27 26 
1491907431298 29 30 
1491907431314 27 30 
1491907431336 31 31 
1491907431357 33 31 
1491907431373 32 33 
1491907431396 33 36 
1491907431417 36 35 
1491907431438 37 35 
1491907431454 36 38 
1491907431476 38 38 
1491907431497 39 38 
1491907431513 41 40 
1491907431536 42 41 
1491907431557 41 44 
1491907431573 43 42 
1491907431596 45 45 
1491907431616 44 45 
1491907431637 47 47 
1491907431653 47 46 
1491907431675 47 47 
1491907431696 47 47 
1491907431717 47 47 
1491907431723 47 46 
1491907431754 47 47 
1491907431776 49 48 
1491907431797 48 48 
1491907431813 46 47 
1491907431836 46 47 
1491907431857 46 47 
1491907431878 47 47 
1491907431894 47 48 
1491907431916 48 46 
1491907431937 46 47 
1491907431953 48 47 
1491907431976 46 46 
1491907431997 48 48 
1491907432018 48 47 
1491907432034 48 47 
1491907432056 46 48 
1491907432077 47 48 
1491907432097 47 46 
1491907432113 47 47 
1491907432135 47 48 
1491907432156 49 48 
1491907432177 48 48 
1491907432193 48 48 
1491907432216 47 48 
1491907432237 47 46 
1491907432253 48 49 
1491907432276 49 48 
1491907432297 48 48 
1491907432318 48 48 
1491907432334 48 48 
1491907432356 47 48 
1491907432377 47 48 
1491907432393 47 48 
1491907432416 47 48 
1491907432437 48 48 
1491907432458 50 49 
1491907432474 50 48 
1491907432496 50 48 
1491907432517 48 48 
1491907432522 47 49 
1491907432553 49 49 
1491907432575 50 49 
1491907432596 51 48 
1491907432617 50 50 
1491907432633 49 49 
1491907432656 49 49 
1491907432677 47 48 
1491907432693 48 49 
1491907432716 49 49 
1491907432737 50 49 
1491907432753 49 48 
1491907432776 49 49 
1491907432797 48 50 
1491907432813 48 47 
1491907432836 49 48 
1491907432857 49 48 
1491907432873 47 50 
1491907432896 50 50 
1491907432917 49 49 
1491907432938 49 48 
1491907432954 50 50 
1491907432976 49 49 
1491907432996 48 49 
1491907433017 49 48 
1491907433033 50 49 
1491907433056 49 50 
1491907433077 52 49 
1491907433093 52 50 
1491907433116 50 49 
1491907433137 50 50 
1491907433153 48 50 
1491907433176 47 48 
1491907433197 47 46 
1491907433213 50 49 
1491907433236 49 50 
1491907433257 49 50 
1491907433273 50 49 
1491907433296 49 48 
1491907433317 50 50 
1491907433322 49 51 
1491907433354 49 50 
1491907433376 50 50 
1491907433397 49 50 
1491907433418 50 49 
1491907433434 50 50 
1491907433456 52 50 
1491907433476 50 51 
1491907433498 50 51 
1491907433513 48 49 
1491907433535 49 49 
1491907433556 49 49 
1491907433577 48 49 
1491907433593 51 49 
1491907433616 50 51 
1491907433637 51 51 
1491907433653 50 49 
1491907433676 51 49 
1491907433697 50 51 
1491907433713 51 51 
1491907433736 49 51 
1491907433757 51 51 
1491907433773 51 49 
1491907433796 51 51 
1491907433817 50 51 
1491907433822 51 51 
1491907433854 50 50 
1491907433876 51 50 
1491907433897 52 50 
1491907433917 49 51 
1491907433933 49 49 
1491907433956 50 51 
1491907433977 50 49 
1491907433993 50 51 
1491907434016 52 51 
1491907434037 49 51 
1491907434058 52 51 
1491907434074 49 49 
1491907434096 51 51 
1491907434117 52 52 
1491907434133 53 51 
1491907434156 50 50 
1491907434177 50 50 
1491907434198 52 51 
1491907434214 50 50 
1491907434236 50 49 
1491907434257 51 51 
1491907434273 49 51 
1491907434296 50 50 
1491907434317 49 47 
1491907434338 51 51 
1491907434354 53 52 
1491907434377 53 52 
1491907434397 52 51 
1491907434413 51 50 
1491907434435 52 52 
1491907434456 51 50 
1491907434477 53 50 
1491907434493 50 51 
1491907434516 51 53 
1491907434537 51 52 
1491907434553 52 50 
1491907434576 51 50 
1491907434597 49 50 
1491907434618 50 50 
1491907434634 51 50 
1491907434656 52 49 
1491907434677 51 51 
1491907434693 50 51 
1491907434737 102 104 
1491907434753 50 51 
1491907434776 50 52 
1491907434797 52 51 
1491907434818 51 52 
1491907434834 51 51 
1491907434856 50 51 
1491907434877 51 50 
1491907434897 53 50 
1491907434913 52 52 
1491907434936 50 52 
1491907434957 51 52 
1491907434973 54 52 
1491907434996 52 51 
1491907435017 51 52 
1491907435033 48 52 
1491907435056 49 51 
1491907435077 50 47 
1491907435093 50 50 
1491907435116 51 51 
1491907435137 53 52 
1491907435153 53 50 
1491907435176 51 52 
1491907435197 51 53 
1491907435218 52 51 
1491907435234 52 50 
1491907435256 52 52 
1491907435277 51 53 
1491907435282 51 52 
1491907435314 52 51 
1491907435336 50 50 
1491907435356 53 52 
1491907435377 51 53 
1491907435393 51 51 
1491907435416 51 51 
1491907435437 51 51 
1491907435453 51 52 
1491907435476 51 52 
1491907435497 53 52 
1491907435513 51 52 
1491907435536 51 52 
1491907435557 51 52 
1491907435573 52 52 
1491907435596 52 52 
1491907435617 52 53 
1491907435638 52 52 
1491907435654 53 52 
1491907435676 52 52 
1491907435697 53 52 
1491907435702 51 53 
1491907435734 52 51 
1491907435756 51 52 
1491907435777 52 52 
1491907435797 53 53 
1491907435813 52 53 
1491907435836 53 53 
1491907435857 51 52 
1491907435873 51 53 
1491907435896 53 52 
1491907435917 52 52 
1491907435938 52 53 
1491907435954 52 53 
1491907435976 52 53 
1491907435997 52 51 
1491907436013 52 53 
1491907436036 52 53 
1491907436057 52 53 
1491907436078 54 51 
1491907436094 52 53 
1491907436116 52 54 
1491907436137 54 52 
1491907436153 52 52 
1491907436176 53 53 
1491907436197 52 53 
1491907436218 52 53 
1491907436234 51 52 
1491907436257 51 53 
1491907436278 52 53 
1491907436293 54 53 
1491907436316 55 54 
1491907436337 53 53 
1491907436358 53 51 
1491907436374 52 49 
1491907436396 52 51 
1491907436417 53 52 
1491907436433 53 51 
1491907436456 53 54 
1491907436477 52 55 
1491907436493 52 53 
1491907436516 53 52 
1491907436537 53 53 
1491907436542 54 54 
1491907436574 53 54 
1491907436617 106 106 
1491907436638 53 50 
1491907436654 54 53 
1491907436677 54 53 
1491907436698 53 54 
1491907436714 54 53 
1491907436735 51 51 
1491907436756 53 53 
1491907436777 52 53 
1491907436798 53 54 
1491907436814 53 53 
1491907436836 53 53 
1491907436857 52 52 
1491907436873 54 52 
1491907436896 53 53 
1491907436917 52 53 
1491907436954 107 107 
1491907436976 53 52 
1491907436997 54 54 
1491907437013 52 54 
1491907437036 53 52 
1491907437057 53 52 
1491907437078 53 53 
1491907437094 54 54 
1491907437116 53 52 
1491907437137 53 53 
1491907437158 53 54 
1491907437174 52 52 
1491907437196 54 53 
1491907437217 54 53 
1491907437237 54 55 
1491907437253 52 53 
1491907437276 53 53 
1491907437297 54 52 
1491907437313 53 54 
1491907437336 53 53 
1491907437357 54 55 
1491907437378 54 53 
1491907437394 54 53 
1491907437416 52 53 
1491907437437 54 54 
1491907437453 54 53 
1491907437476 53 54 
1491907437497 53 53 
1491907437518 54 54 
1491907437534 54 54 
1491907437556 52 54 
1491907437577 54 54 
1491907437598 53 53 
1491907437614 54 53 
1491907437636 55 54 
1491907437657 55 55 
1491907437678 54 53 
1491907437693 53 54 
1491907437716 53 53 
1491907437737 53 53 
1491907437753 54 52 
1491907437776 54 56 
1491907437797 54 54 
1491907437818 54 53 
1491907437834 54 53 
1491907437856 54 54 
1491907437877 53 54 
1491907437893 53 53 
1491907437916 54 55 
1491907437937 52 55 
1491907437958 54 55 
1491907437974 52 53 
1491907437996 54 52 
1491907438017 57 55 
1491907438038 57 55 
1491907438054 56 55 
1491907438076 55 55 
1491907438118 112 109 
1491907438134 53 54 
1491907438156 51 54 
1491907438177 53 51 
1491907438193 53 54 
1491907438216 54 55 
1491907438237 55 55 
1491907438253 54 53 
1491907438276 54 54 
1491907438297 54 54 
1491907438313 54 54 
1491907438336 53 54 
1491907438357 55 53 
1491907438362 55 55 
1491907438394 55 56 
1491907438416 54 55 
1491907438437 54 53 
1491907438458 54 53 
1491907438474 54 54 
1491907438496 54 55 
1491907438517 54 55 
1491907438538 55 55 
1491907438554 55 53 
1491907438576 56 55 
1491907438597 55 55 
1491907438613 55 55 
1491907438636 54 54 
1491907438657 54 55 
1491907438678 54 53 
1491907438694 53 53 
1491907438716 54 55 
1491907438737 55 56 
1491907438753 54 53 
1491907438776 54 53 
1491907438797 56 54 
1491907438818 54 56 
1491907438834 54 55 
1491907438856 54 54 
1491907438877 55 54 
1491907438898 55 54 
1491907438914 55 56 
1491907438936 53 56 
1491907438957 56 54 
1491907438978 54 54 
1491907438994 54 55 
1491907439017 55 54 
1491907439038 55 54 
1491907439053 54 55 
1491907439076 54 55 
1491907439097 54 53 
1491907439118 56 55 
1491907439156 110 111 
1491907439177 54 56 
1491907439193 54 53 
1491907439216 55 54 
1491907439237 55 55 
1491907439258 56 57 
1491907439274 54 55 
1491907439296 55 54 
1491907439317 55 54 
1491907439338 54 54 
1491907439354 55 55 
1491907439376 54 56 
1491907439418 111 109 
1491907439434 54 54 
1491907439457 55 56 
1491907439478 54 54 
1491907439493 55 55 
1491907439516 55 54 
1491907439537 56 56 
1491907439553 55 54 
1491907439576 55 56 
1491907439597 55 56 
1491907439613 55 54 
1491907439636 55 55 
1491907439657 55 55 
1491907439673 54 57 
1491907439696 54 55 
1491907439717 54 54 
1491907439738 56 53 
1491907439754 57 56 
1491907439776 57 57 
1491907439797 57 55 
1491907439818 57 55 
1491907439834 56 55 
1491907439857 55 53 
1491907439878 53 53 
1491907439894 55 56 
1491907439917 56 56 
1491907439938 56 57 
1491907439954 57 55 
1491907439976 57 55 
1491907439997 53 55 
1491907440013 54 54 
1491907440036 55 52 
1491907440057 55 53 
1491907440073 56 55 
1491907440096 54 57 
1491907440117 56 55 
1491907440123 55 54 
1491907440154 54 56 
1491907440176 53 57 
1491907440197 55 56 
1491907440202 56 56 
1491907440234 55 55 
1491907440256 55 56 
1491907440277 56 56 
1491907440298 56 55 
1491907440314 56 54 
1491907440337 58 56 
1491907440358 57 56 
1491907440374 56 56 
1491907440397 52 54 
1491907440418 53 54 
1491907440434 53 52 
1491907440456 54 55 
1491907440477 56 55 
1491907440493 55 55 
1491907440516 57 56 
1491907440537 54 55 
1491907440558 56 54 
1491907440574 56 56 
1491907440596 56 56 
1491907440617 56 57 
1491907440633 55 55 
1491907440656 56 56 
1491907440677 56 55 
1491907440698 55 57 
1491907440714 53 56 
1491907440736 55 54 
1491907440757 56 55 
1491907440778 54 56 
1491907440794 56 55 
1491907440816 55 55 
1491907440837 55 55 
1491907440858 56 55 
1491907440874 56 55 
1491907440896 56 56 
1491907440917 55 55 
1491907440934 55 56 
1491907440956 56 55 
1491907440977 55 54 
1491907440998 56 56 
1491907441014 55 56 
1491907441036 55 56 
1491907441057 55 55 
1491907441073 56 54 
1491907441096 56 57 
1491907441117 56 56 
1491907441138 55 56 
1491907441154 55 56 
1491907441176 55 54 
1491907441197 56 55 
1491907441218 55 57 
1491907441234 55 56 
1491907441256 56 56 
1491907441298 112 111 
1491907441314 55 57 
1491907441337 56 55 
1491907441357 56 54 
1491907441373 56 55 
1491907441396 55 55 
1491907441417 57 55 
1491907441438 56 56 
1491907441454 57 56 
1491907441476 55 56 
1491907441497 54 56 
1491907441513 55 56 
1491907441536 55 55 
1491907441557 56 55 
1491907441578 56 56 
1491907441594 56 56 
1491907441616 56 56 
1491907441637 57 56 
1491907441658 55 55 
1491907441674 56 55 
1491907441696 56 57 
1491907441738 112 114 
1491907441754 56 55 
1491907441777 55 55 
1491907441798 54 55 
1491907441814 57 57 
1491907441836 56 54 
1491907441857 56 57 
1491907441873 56 55 
1491907441896 56 57 
1491907441917 56 56 
1491907441933 54 56 
1491907441956 56 56 
1491907441977 56 54 
1491907441998 56 56 
1491907442014 56 56 
1491907442036 53 55 
1491907442057 54 54 
1491907442062 56 55 
1491907442094 57 56 
1491907442116 57 57 
1491907442137 56 57 
1491907442158 59 58 
1491907442174 58 56 
1491907442197 56 57 
1491907442218 54 56 
1491907442234 50 56 
1491907442257 54 56 
1491907442278 58 55 
1491907442299 60 56 
1491907442315 58 57 
1491907442336 54 54 
1491907442357 56 53 
1491907442373 54 53 
1491907442396 56 56 
1491907442417 56 58 
1491907442438 58 59 
1491907442454 57 57 
1491907442476 56 57 
1491907442497 56 56 
1491907442502 56 56 
1491907442534 57 56 
1491907442556 56 57 
1491907442577 57 57 
1491907442598 56 55 
1491907442614 57 55 
1491907442637 56 56 
1491907442658 54 56 
1491907442674 57 56 
1491907442697 55 55 
1491907442718 56 57 
1491907442739 57 57 
1491907442755 56 55 
1491907442777 56 58 
1491907442797 56 56 
1491907442813 56 55 
1491907442836 58 55 
1491907442857 55 57 
1491907442878 56 58 
1491907442894 56 55 
1491907442916 57 55 
1491907442937 56 57 
1491907442974 112 113 
1491907442996 56 57 
1491907443017 56 56 
1491907443038 56 56 
1491907443054 57 57 
1491907443076 56 56 
1491907443097 56 57 
1491907443118 56 57 
1491907443134 56 57 
1491907443157 56 56 
1491907443178 56 57 
1491907443194 58 56 
1491907443217 59 57 
1491907443238 58 56 
1491907443254 55 55 
1491907443276 54 54 
1491907443297 52 53 
1491907443318 53 53 
1491907443334 51 52 
1491907443356 51 51 
1491907443377 51 50 
1491907443393 49 49 
1491907443416 49 48 
1491907443437 48 47 
1491907443458 50 48 
1491907443474 46 49 
1491907443496 46 47 
1491907443517 47 46 
1491907443522 44 45 
1491907443554 45 45 
1491907443576 44 45 
1491907443597 44 44 
1491907443618 43 43 
1491907443634 41 42 
1491907443657 43 40 
1491907443694 80 80 
1491907443717 40 40 
1491907443738 40 40 
1491907443754 38 38 
1491907443776 37 38 
1491907443797 37 39 
1491907443813 36 34 
1491907443836 37 36 
1491907443857 37 38 
1491907443873 37 37 
1491907443896 36 36 
1491907443917 34 34 
1491907443923 34 34 
1491907443954 32 32 
1491907443976 32 32 
1491907443997 33 33 
1491907444002 32 31 
1491907444034 32 34 
1491907444056 30 32 
1491907444077 31 30 
1491907444098 30 28 
1491907444114 30 31 
1491907444136 31 31 
1491907444157 29 28 
1491907444178 29 28 
1491907444194 27 29 
1491907444217 29 28 
1491907444238 28 28 
1491907444253 25 28 
1491907444276 28 27 
1491907444297 27 26 
1491907444318 25 25 
1491907444334 24 26 
1491907444356 25 26 
1491907444377 27 24 
1491907444393 24 24 
1491907444416 23 25 
1491907444437 24 23 
1491907444453 26 23 
1491907444476 22 24 
1491907444497 21 23 
1491907444518 22 23 
1491907444534 24 21 
1491907444556 22 22 
1491907444577 20 23 
1491907444598 20 21 
1491907444614 21 19 
1491907444637 22 19 
1491907444658 21 21 
1491907444674 20 22 
1491907444697 20 19 
1491907444718 20 19 
1491907444734 19 19 
1491907444757 18 21 
1491907444777 18 18 
1491907444793 19 17 
1491907444816 18 17 
1491907444837 16 18 
1491907444853 17 18 
1491907444876 19 17 
1491907444897 19 18 
1491907444903 17 17 
1491907444934 15 16 
1491907444956 15 15 
1491907444977 16 15 
1491907444993 17 17 
1491907445016 17 17 
1491907445037 15 14 
1491907445058 14 13 
1491907445074 14 13 
1491907445097 13 15 
1491907445118 15 16 
1491907445134 15 15 
1491907445157 15 14 
1491907445178 14 13 
1491907445199 13 12 
1491907445214 13 11 
1491907445236 12 14 
1491907445257 12 14 
1491907445273 14 14 
1491907445296 13 13 
1491907445317 12 12 
1491907445338 12 11 
1491907445354 12 10 
1491907445376 11 10 
1491907445397 11 11 
1491907445413 10 11 
1491907445436 12 12 
1491907445457 13 12 
1491907445478 11 12 
1491907445494 12 12 
1491907445516 11 9 
1491907445537 11 9 
1491907445558 9 10 
1491907445574 10 11 
1491907445596 10 10 
1491907445617 9 10 
1491907445638 11 10 
1491907445654 9 10 
1491907445677 9 10 
1491907445698 10 9 
1491907445713 10 9 
1491907445736 10 10 
1491907445757 9 9 
1491907445778 9 10 
1491907445794 9 9 
1491907445816 9 10 
1491907445837 9 10 
1491907445853 10 9 
1491907445876 10 10 
1491907445897 9 10 
1491907445918 11 10 
1491907445934 8 9 
1491907445956 10 9 
1491907445977 10 9 
1491907445998 9 9 
1491907446014 8 9 
1491907446036 9 9 
1491907446057 9 10 
1491907446078 10 10 
1491907446094 9 9 
1491907446117 9 10 
ROTATE: 1.57080
1491907446138 0 -1 
1491907446154 -2 -1 
1491907446176 0 0 
1491907446197 0 0 
1491907446213 0 0 
1491907446236 0 0 
1491907446257 2 0 
1491907446273 4 0 
1491907446296 3 -3 
1491907446317 2 -3 
1491907446333 1 -4 
1491907446356 3 -5 
1491907446377 4 -4 
1491907446398 6 -8 
1491907446414 7 -7 
1491907446436 10 -11 
1491907446457 12 -11 
1491907446478 15 -15 
1491907446494 15 -15 
1491907446517 18 -17 
1491907446538 18 -16 
1491907446554 19 -19 
1491907446577 18 -18 
1491907446598 16 -18 
1491907446614 17 -19 
1491907446637 17 -20 
1491907446657 17 -18 
1491907446673 17 -16 
1491907446696 17 -19 
1491907446717 17 -16 
1491907446733 18 -18 
1491907446756 18 -19 
1491907446777 18 -18 
1491907446783 19 -19 
1491907446814 19 -18 
1491907446836 18 -18 
1491907446857 17 -19 
1491907446862 17 -19 
1491907446894 18 -19 
1491907446916 19 -20 
1491907446937 18 -18 
1491907446958 18 -18 
1491907446974 18 -19 
1491907446997 17 -18 
1491907447018 18 -18 
1491907447034 19 -19 
1491907447057 19 -18 
1491907447078 18 -19 
1491907447094 18 -19 
1491907447116 19 -18 
1491907447137 19 -19 
1491907447153 19 -19 
1491907447176 18 -20 
1491907447197 18 -19 
1491907447218 19 -18 
1491907447234 19 -19 
1491907447256 20 -20 
1491907447277 18 -19 
1491907447293 18 -19 
1491907447316 18 -18 
1491907447337 19 -19 
1491907447358 19 -19 
1491907447374 20 -19 
1491907447397 18 -19 
1491907447418 18 -20 
1491907447434 19 -19 
1491907447457 18 -20 
1491907447478 20 -19 
1491907447494 20 -20 
1491907447517 19 -19 
1491907447538 20 -19 
1491907447554 19 -18 
1491907447576 19 -19 
1491907447597 19 -19 
1491907447613 19 -19 
1491907447636 18 -19 
1491907447657 20 -19 
1491907447673 19 -19 
1491907447696 20 -20 
1491907447717 20 -19 
1491907447733 18 -21 
1491907447756 19 -19 
1491907447777 19 -20 
1491907447798 20 -18 
1491907447814 21 -19 
1491907447836 20 -21 
1491907447857 18 -20 
1491907447894 38 -39 
1491907447917 20 -19 
1491907447938 21 -20 
1491907447954 19 -20 
1491907447977 17 -18 
1491907447998 18 -19 
1491907448014 19 -18 
1491907448037 19 -16 
1491907448057 17 -17 
1491907448073 16 -16 
1491907448096 16 -17 
1491907448117 15 -15 
1491907448133 16 -15 
1491907448156 14 -12 
1491907448177 13 -14 
1491907448193 15 -15 
1491907448216 13 -13 
1491907448237 14 -12 
1491907448258 13 -14 
1491907448274 14 -14 
1491907448297 14 -12 
1491907448318 13 -10 
1491907448334 11 -10 
1491907448356 11 -12 
1491907448398 22 -20 
1491907448414 10 -10 
1491907448437 11 -10 
1491907448458 12 -10 
1491907448474 10 -9 
1491907448497 9 -9 
1491907448517 10 -8 
1491907448533 10 -8 
1491907448556 8 -7 
1491907448577 7 -7 
1491907448593 8 -7 
1491907448616 8 -9 
1491907448637 8 -6 
1491907448653 8 -7 
1491907448676 8 -7 
1491907448697 7 -8 
1491907448718 6 -8 
1491907448734 6 -6 
1491907448756 6 -8 
1491907448777 7 -6 
1491907448798 6 -6 
1491907448814 6 -5 
1491907448837 7 -7 
1491907448858 7 -7 
1491907448874 7 -5 
1491907448897 8 -6 
1491907448918 8 -8 
1491907448934 9 -7 
1491907448957 9 -7 
1491907448978 8 -6 
1491907448994 7 -9 
1491907449017 8 -8 
1491907449037 5 -7 
1491907449053 5 -7 
1491907449076 7 -7 
1491907449097 7 -6 
1491907449113 6 -5 
1491907449136 6 -6 
1491907449157 7 -7 
1491907449173 7 -6 
1491907449196 8 -5 
1491907449217 7 -7 
1491907449238 9 -9 
1491907449254 9 -7 
1491907449277 8 -6 
1491907449298 8 -8 
1491907449314 8 -9 
1491907449336 6 -8 
1491907449357 6 -7 
1491907449378 6 -7 
1491907449383 8 -6 
1491907449415 6 -6 
1491907449437 7 -6 
1491907449458 5 -6 
1491907449474 7 -7 
1491907449496 7 -5 
1491907449517 8 -7 
1491907449538 9 -8 
1491907449554 9 -7 
1491907449576 9 -7 
1491907449597 8 -8 
1491907449613 8 -8 
STOP
1491907449636 8 -8 
STRAIGHT: 3.00000
1491907449657 6 -8 
1491907449678 -3 4 
1491907449694 -1 0 
1491907449716 0 -1 
1491907449737 0 0 
1491907449758 0 0 
1491907449779 0 1 
1491907449796 1 1 
1491907449817 1 3 
1491907449838 3 2 
1491907449854 4 5 
1491907449877 4 3 
1491907449898 5 6 
1491907449914 6 7 
1491907449936 9 8 
1491907449957 10 9 
1491907449978 11 10 
1491907449994 11 12 
1491907450016 14 14 
1491907450037 13 13 
1491907450053 14 15 
1491907450076 14 14 
1491907450097 17 16 
1491907450118 19 19 
1491907450134 19 21 
1491907450156 21 22 
1491907450177 21 20 
1491907450182 21 19 
1491907450214 21 21 
1491907450236 24 25 
1491907450257 27 27 
1491907450278 28 29 
1491907450294 26 26 
1491907450317 28 28 
1491907450338 28 30 
1491907450354 30 30 
1491907450376 32 30 
1491907450397 34 35 
1491907450413 33 36 
1491907450436 33 33 
1491907450457 35 34 
1491907450473 37 38 
1491907450496 38 37 
1491907450517 37 38 
1491907450533 40 40 
1491907450556 41 41 
1491907450577 42 42 
1491907450598 42 44 
1491907450614 45 45 
1491907450636 44 44 
1491907450657 46 47 
1491907450678 45 45 
1491907450694 48 48 
1491907450717 46 48 
1491907450738 46 46 
1491907450754 46 46 
1491907450777 45 46 
1491907450798 48 47 
1491907450814 48 48 
1491907450836 48 49 
1491907450857 47 48 
1491907450873 46 47 
1491907450896 46 46 
1491907450917 45 45 
1491907450933 47 46 
1491907450956 48 48 
1491907450977 47 48 
1491907450983 48 46 
1491907451014 46 46 
1491907451036 47 48 
1491907451057 46 48 
1491907451062 47 47 
1491907451094 47 48 
1491907451116 46 47 
1491907451137 48 48 
1491907451158 48 48 
1491907451174 49 48 
1491907451197 49 49 
1491907451218 47 48 
1491907451234 48 48 
1491907451257 47 47 
1491907451278 48 47 
1491907451294 47 47 
1491907451316 48 48 
1491907451337 48 48 
1491907451353 47 49 
1491907451376 48 46 
1491907451397 48 48 
1491907451418 49 49 
1491907451434 49 49 
1491907451456 48 48 
1491907451477 49 48 
1491907451493 47 47 
1491907451516 47 47 
1491907451537 49 49 
1491907451558 48 49 
1491907451574 48 48 
1491907451596 48 48 
1491907451617 48 49 
1491907451638 48 47 
1491907451654 48 49 
1491907451676 49 49 
1491907451697 49 49 
1491907451718 50 49 
1491907451734 47 47 
1491907451757 48 47 
1491907451778 48 48 
1491907451794 50 50 
1491907451816 48 49 
1491907451837 50 48 
1491907451858 50 50 
1491907451874 50 50 
1491907451896 48 50 
1491907451917 48 48 
1491907451933 49 48 
1491907451956 48 49 
1491907451977 50 49 
1491907451998 48 50 
1491907452014 50 49 
1491907452036 49 49 
1491907452057 49 48 
1491907452078 48 48 
1491907452094 49 50 
1491907452116 50 49 
1491907452158 100 100 
1491907452174 48 49 
1491907452197 49 48 
1491907452218 49 49 
1491907452234 49 50 
1491907452257 50 49 
1491907452277 49 50 
1491907452298 50 50 
1491907452314 49 49 
1491907452336 50 50 
1491907452357 50 50 
1491907452373 50 48 
1491907452396 50 50 
1491907452417 50 50 
1491907452438 50 50 
1491907452454 49 49 
1491907452476 48 49 
1491907452497 50 50 
1491907452518 48 48 
1491907452534 51 49 
1491907452556 49 49 
1491907452577 50 51 
1491907452598 51 51 
1491907452614 49 49 
1491907452637 50 50 
1491907452658 50 50 
1491907452674 49 50 
1491907452697 49 49 
1491907452718 51 51 
1491907452734 49 50 
1491907452756 50 50 
1491907452777 50 49 
1491907452793 50 49 
1491907452816 50 50 
1491907452837 50 51 
1491907452858 51 51 
1491907452874 50 49 
1491907452896 51 50 
1491907452917 51 51 
1491907452922 49 50 
1491907452954 51 50 
1491907452976 50 50 
1491907452997 50 52 
1491907453018 50 50 
1491907453034 50 50 
1491907453057 51 50 
1491907453078 49 50 
1491907453094 49 50 
1491907453117 50 48 
1491907453138 52 51 
1491907453159 52 53 
1491907453175 51 52 
1491907453197 52 51 
1491907453218 51 51 
1491907453234 49 49 
1491907453256 50 51 
1491907453277 51 51 
1491907453298 52 51 
1491907453314 52 51 
1491907453336 50 51 
1491907453357 50 50 
1491907453373 50 50 
1491907453396 51 51 
1491907453417 51 51 
1491907453438 51 52 
1491907453454 50 50 
1491907453477 51 51 
1491907453498 51 51 
1491907453514 52 51 
1491907453537 50 51 
1491907453558 52 51 
1491907453574 50 50 
1491907453597 52 51 
1491907453618 52 51 
1491907453634 50 51 
1491907453657 50 50 
1491907453678 51 51 
1491907453694 51 51 
1491907453716 50 50 
1491907453737 52 53 
1491907453743 51 52 
1491907453774 52 51 
1491907453796 51 52 
1491907453817 51 50 
1491907453833 50 52 
1491907453856 52 52 
1491907453877 51 51 
1491907453898 52 51 
1491907453914 52 51 
1491907453937 51 52 
1491907453958 52 52 
1491907453974 53 51 
1491907453997 51 52 
1491907454018 52 52 
1491907454034 51 52 
1491907454057 51 51 
1491907454078 52 52 
1491907454094 52 52 
1491907454116 52 51 
1491907454137 52 50 
1491907454153 51 52 
1491907454176 52 53 
1491907454197 52 53 
1491907454203 53 52 
1491907454234 52 52 
1491907454256 52 51 
1491907454277 53 53 
1491907454283 51 53 
1491907454314 52 53 
1491907454337 52 50 
1491907454358 52 51 
1491907454374 53 53 
1491907454397 52 52 
1491907454418 51 52 
1491907454434 53 52 
1491907454457 51 52 
1491907454478 52 52 
1491907454494 52 52 
1491907454517 54 54 
1491907454538 52 52 
1491907454554 54 52 
1491907454577 52 52 
1491907454597 54 52 
1491907454613 52 52 
1491907454636 52 51 
1491907454657 52 52 
1491907454673 52 52 
1491907454696 50 51 
1491907454717 51 50 
1491907454723 51 52 
1491907454754 51 52 
1491907454776 51 51 
1491907454797 52 52 
1491907454818 52 53 
1491907454834 54 54 
1491907454857 53 53 
1491907454878 52 52 
1491907454883 54 53 
1491907454915 53 53 
1491907454937 53 53 
1491907454958 53 53 
1491907454974 52 52 
1491907454997 52 51 
1491907455018 52 52 
1491907455039 51 53 
1491907455055 53 53 
1491907455076 53 52 
1491907455097 53 53 
1491907455113 52 51 
1491907455136 53 53 
1491907455157 53 52 
1491907455178 54 54 
1491907455194 54 53 
1491907455216 53 52 
1491907455237 51 51 
1491907455258 51 52 
1491907455274 52 52 
1491907455296 52 52 
1491907455317 52 53 
1491907455338 53 51 
1491907455354 53 53 
1491907455377 53 53 
1491907455398 51 51 
1491907455414 54 52 
1491907455437 52 53 
1491907455458 51 51 
1491907455479 53 53 
1491907455495 52 53 
1491907455517 52 54 
1491907455537 53 53 
1491907455553 51 52 
1491907455576 53 52 
1491907455597 53 53 
1491907455618 54 54 
1491907455634 52 51 
1491907455656 53 54 
1491907455677 53 52 
1491907455683 51 51 
1491907455714 53 53 
1491907455736 52 53 
1491907455757 54 53 
1491907455778 52 54 
1491907455794 53 53 
1491907455817 52 53 
1491907455838 53 53 
1491907455854 52 51 
1491907455877 53 54 
1491907455898 54 53 
1491907455914 54 54 
1491907455937 53 52 
1491907455958 54 54 
1491907455974 52 52 
1491907455997 53 54 
1491907456017 52 52 
1491907456033 53 53 
1491907456056 54 54 
1491907456083 106 106 
1491907456114 54 53 
1491907456136 53 53 
1491907456157 53 55 
1491907456163 53 52 
1491907456194 54 53 
1491907456216 54 54 
1491907456237 52 54 
1491907456258 54 54 
1491907456274 52 52 
1491907456296 53 53 
1491907456317 53 52 
1491907456338 54 55 
1491907456354 54 53 
1491907456377 53 52 
1491907456398 54 54 
1491907456414 53 53 
1491907456437 53 53 
1491907456458 54 53 
1491907456479 54 56 
1491907456495 53 54 
1491907456517 54 53 
1491907456538 53 52 
1491907456554 53 53 
1491907456577 53 55 
1491907456598 53 53 
1491907456613 53 54 
1491907456636 55 53 
1491907456657 53 53 
1491907456678 54 54 
1491907456694 54 54 
1491907456716 53 53 
1491907456737 54 53 
1491907456743 52 54 
1491907456774 54 54 
1491907456796 54 54 
1491907456817 53 54 
1491907456838 54 53 
1491907456854 53 52 
1491907456876 55 55 
1491907456897 55 55 
1491907456918 56 55 
1491907456957 106 109 
1491907456978 54 53 
1491907456994 53 53 
1491907457017 54 54 
1491907457038 54 55 
1491907457059 54 53 
1491907457075 54 54 
1491907457097 54 54 
1491907457118 55 55 
1491907457134 54 55 
1491907457157 53 54 
1491907457178 53 53 
1491907457194 55 55 
1491907457216 54 56 
1491907457237 54 55 
1491907457258 54 53 
1491907457274 54 53 
1491907457296 55 55 
1491907457317 55 55 
1491907457338 53 51 
1491907457354 55 55 
1491907457377 53 53 
1491907457398 55 54 
1491907457414 55 54 
1491907457437 54 56 
1491907457458 55 55 
1491907457474 55 54 
1491907457497 54 54 
1491907457518 55 54 
1491907457534 54 55 
1491907457557 54 54 
1491907457578 53 54 
1491907457594 54 54 
1491907457616 54 53 
1491907457637 55 55 
1491907457658 53 54 
1491907457674 55 55 
1491907457696 54 54 
1491907457717 54 54 
1491907457738 54 54 
1491907457754 55 55 
1491907457776 54 54 
1491907457797 56 55 
1491907457818 54 55 
1491907457834 55 55 
1491907457857 55 53 
1491907457878 54 55 
1491907457894 54 54 
1491907457917 55 55 
1491907457938 55 56 
1491907457954 54 54 
1491907457977 55 55 
1491907457998 56 54 
1491907458014 53 54 
1491907458037 55 55 
1491907458058 55 55 
1491907458078 56 55 
1491907458094 54 54 
1491907458137 109 109 
1491907458174 109 109 
1491907458217 110 110 
1491907458238 54 55 
1491907458254 56 55 
1491907458277 54 54 
1491907458298 54 54 
1491907458314 54 54 
1491907458337 55 54 
1491907458358 54 54 
1491907458374 55 56 
1491907458397 55 54 
1491907458418 55 55 
1491907458434 53 53 
1491907458457 55 55 
1491907458478 55 55 
1491907458494 54 55 
1491907458517 55 54 
1491907458538 55 55 
1491907458543 54 55 
1491907458574 55 56 
1491907458596 54 54 
1491907458617 55 55 
1491907458633 55 54 
1491907458656 56 56 
1491907458677 55 55 
1491907458698 55 55 
1491907458714 54 55 
1491907458737 54 53 
1491907458758 55 54 
1491907458774 55 55 
1491907458797 56 57 
1491907458818 56 55 
1491907458834 54 55 
1491907458857 55 55 
1491907458878 54 55 
1491907458894 54 54 
1491907458917 55 55 
1491907458938 55 55 
1491907458954 55 54 
1491907458977 56 56 
1491907459014 112 112 
1491907459036 55 53 
1491907459057 53 52 
1491907459073 56 55 
1491907459096 57 56 
1491907459117 57 56 
1491907459138 56 57 
1491907459154 55 55 
1491907459176 54 54 
1491907459197 55 54 
1491907459218 53 54 
1491907459234 55 55 
1491907459278 111 109 
1491907459317 111 111 
1491907459354 110 109 
1491907459377 55 55 
1491907459398 56 55 
1491907459414 56 56 
1491907459437 54 55 
1491907459458 55 54 
1491907459474 56 55 
1491907459496 57 55 
1491907459517 55 55 
1491907459523 54 55 
1491907459554 55 54 
1491907459576 55 56 
1491907459597 56 58 
1491907459603 56 59 
1491907459634 57 56 
1491907459656 56 55 
1491907459677 56 55 
1491907459698 56 56 
1491907459714 55 56 
1491907459737 56 54 
1491907459758 55 54 
1491907459774 55 54 
1491907459797 55 56 
1491907459818 54 56 
1491907459834 54 55 
1491907459857 55 56 
1491907459878 56 56 
1491907459894 55 55 
1491907459917 56 56 
1491907459938 57 57 
1491907459958 57 57 
1491907459975 57 56 
1491907459996 57 55 
1491907460017 57 56 
1491907460033 54 56 
1491907460056 54 53 
1491907460077 53 53 
1491907460098 55 56 
1491907460114 55 57 
1491907460137 56 57 
1491907460158 55 54 
1491907460174 56 54 
1491907460196 54 55 
1491907460217 56 56 
1491907460238 56 56 
1491907460259 57 57 
1491907460275 54 54 
1491907460297 54 53 
1491907460318 56 54 
1491907460334 58 57 
1491907460357 57 58 
1491907460378 54 55 
1491907460399 56 57 
1491907460415 55 54 
1491907460437 54 55 
1491907460457 55 56 
1491907460473 56 55 
1491907460496 56 55 
1491907460517 56 56 
1491907460538 56 58 
1491907460554 56 56 
1491907460577 55 56 
1491907460598 55 55 
1491907460636 113 111 
1491907460657 56 57 
1491907460678 56 56 
1491907460694 55 54 
1491907460717 55 55 
1491907460738 55 55 
1491907460754 56 54 
1491907460777 56 55 
1491907460798 57 55 
1491907460814 55 54 
1491907460837 57 56 
1491907460858 56 56 
1491907460863 55 56 
1491907460894 55 55 
1491907460916 55 55 
1491907460937 55 56 
1491907460953 57 56 
1491907460976 56 56 
1491907461018 109 110 
1491907461034 55 56 
1491907461056 56 56 
1491907461077 54 54 
1491907461098 56 54 
1491907461119 56 59 
1491907461135 56 56 
1491907461157 57 57 
1491907461178 54 57 
1491907461194 55 56 
1491907461217 55 55 
1491907461238 55 55 
1491907461259 57 56 
1491907461275 57 56 
1491907461297 56 56 
1491907461318 57 56 
1491907461334 54 55 
1491907461357 55 55 
1491907461377 56 56 
1491907461398 56 56 
1491907461414 55 56 
1491907461436 55 56 
1491907461457 56 57 
1491907461478 55 55 
1491907461494 55 56 
1491907461516 56 56 
1491907461537 56 56 
1491907461558 58 58 
1491907461574 56 56 
1491907461597 57 56 
1491907461618 56 56 
1491907461634 55 56 
1491907461657 56 56 
1491907461678 57 56 
1491907461699 56 56 
1491907461715 56 56 
1491907461737 55 55 
1491907461758 57 57 
1491907461774 56 56 
1491907461797 57 57 
1491907461818 56 56 
1491907461839 57 56 
1491907461855 57 57 
1491907461876 56 56 
1491907461897 56 55 
1491907461913 55 55 
1491907461936 57 56 
1491907461957 56 57 
1491907461978 56 57 
1491907461994 55 55 
1491907462017 55 56 
1491907462038 55 55 
1491907462076 113 111 
1491907462097 58 58 
1491907462118 56 57 
1491907462124 57 57 
1491907462155 57 56 
1491907462177 58 57 
1491907462198 56 58 
1491907462214 55 56 
1491907462237 55 54 
1491907462258 56 57 
1491907462279 56 55 
1491907462295 55 56 
1491907462317 54 55 
1491907462338 55 53 
1491907462354 52 52 
1491907462377 53 53 
1491907462398 52 52 
1491907462419 53 52 
1491907462435 49 51 
1491907462457 49 48 
1491907462478 49 49 
1491907462494 48 47 
1491907462517 48 48 
1491907462537 47 47 
1491907462558 46 47 
1491907462574 42 45 
1491907462596 43 43 
1491907462617 44 42 
1491907462638 46 44 
1491907462654 44 45 
1491907462676 45 44 
1491907462697 43 42 
1491907462718 42 41 
1491907462734 42 41 
1491907462757 42 42 
1491907462778 39 40 
1491907462794 37 38 
1491907462817 38 39 
1491907462838 37 38 
1491907462859 38 39 
1491907462875 38 38 
1491907462897 36 36 
1491907462918 35 35 
1491907462934 35 35 
1491907462957 33 35 
1491907462978 34 34 
1491907462999 35 34 
1491907463015 34 34 
1491907463036 33 33 
1491907463057 33 33 
1491907463063 30 32 
1491907463094 31 31 
1491907463116 30 29 
1491907463137 31 30 
1491907463158 30 31 
1491907463174 29 30 
1491907463197 29 29 
1491907463218 27 26 
1491907463234 29 28 
1491907463257 29 29 
1491907463278 27 29 
1491907463299 26 25 
1491907463315 27 26 
1491907463337 27 28 
1491907463358 26 26 
1491907463374 23 24 
1491907463397 26 25 
1491907463418 25 26 
1491907463439 24 25 
1491907463455 23 23 
1491907463477 25 24 
1491907463497 25 24 
1491907463514 22 24 
1491907463536 22 23 
1491907463557 22 20 
1491907463578 23 22 
1491907463594 23 24 
1491907463617 22 24 
1491907463638 20 21 
1491907463654 20 18 
1491907463677 21 19 
1491907463698 20 23 
1491907463719 21 22 
1491907463735 20 19 
1491907463757 18 17 
1491907463778 17 19 
1491907463794 19 19 
1491907463817 20 19 
1491907463838 20 19 
1491907463854 16 18 
1491907463877 16 16 
1491907463898 17 16 
1491907463903 18 18 
1491907463935 18 18 
1491907463956 18 18 
1491907463977 15 16 
1491907463983 14 13 
1491907464014 15 16 
1491907464036 17 17 
1491907464057 18 17 
1491907464078 17 16 
1491907464094 15 15 
1491907464116 12 14 
1491907464137 11 12 
1491907464158 14 13 
1491907464174 17 15 
1491907464197 16 17 
1491907464218 15 15 
1491907464234 13 12 
1491907464257 12 12 
1491907464299 23 24 
1491907464315 14 14 
1491907464337 14 14 
1491907464358 15 14 
1491907464374 13 13 
1491907464397 11 10 
1491907464418 11 11 
1491907464439 10 10 
1491907464455 11 11 
1491907464476 12 11 
1491907464497 11 12 
1491907464518 12 12 
1491907464534 11 11 
1491907464556 10 11 
1491907464577 11 10 
1491907464598 9 10 
1491907464614 10 10 
1491907464637 10 8 
1491907464658 10 11 
1491907464674 11 11 
1491907464697 11 11 
1491907464718 11 11 
1491907464739 11 10 
1491907464755 11 11 
1491907464777 9 11 
1491907464798 9 10 
1491907464814 10 8 
1491907464837 9 9 
1491907464858 10 10 
1491907464878 10 10 
1491907464894 11 11 
1491907464916 11 10 
1491907464937 10 10 
1491907464974 20 21 
1491907464996 10 10 
1491907465017 10 11 
1491907465038 9 9 
1491907465054 9 10 
1491907465077 9 8 
ROTATE: 1.57080
1491907465098 -3 -4 
1491907465114 -1 0 
1491907465137 1 0 
1491907465158 0 0 
1491907465179 0 0 
1491907465195 1 0 
1491907465217 2 -3 
1491907465238 2 -3 
1491907465277 8 -7 
1491907465298 5 -3 
1491907465318 3 -6 
1491907465334 5 -8 
1491907465356 5 -8 
1491907465377 7 -7 
1491907465398 9 -10 
1491907465414 12 -9 
1491907465436 16 -13 
1491907465457 14 -13 
1491907465478 17 -17 
1491907465494 17 -17 
1491907465517 21 -20 
1491907465538 19 -18 
1491907465554 19 -17 
1491907465577 18 -18 
1491907465598 17 -21 
1491907465614 15 -20 
1491907465637 13 -17 
1491907465658 16 -15 
1491907465674 17 -15 
1491907465697 17 -18 
1491907465718 16 -19 
1491907465734 16 -18 
1491907465757 18 -20 
1491907465778 20 -19 
1491907465798 20 -17 
1491907465814 20 -16 
1491907465836 21 -19 
1491907465857 20 -19 
1491907465878 20 -18 
1491907465894 21 -18 
1491907465917 18 -18 
1491907465938 18 -21 
1491907465954 17 -20 
1491907465977 17 -18 
1491907465998 17 -19 
1491907466014 19 -16 
1491907466037 19 -17 
1491907466058 20 -18 
1491907466074 18 -18 
1491907466097 18 -21 
1491907466118 20 -19 
1491907466134 21 -16 
1491907466157 20 -18 
1491907466178 21 -20 
1491907466183 17 -20 
1491907466215 18 -21 
1491907466237 18 -18 
1491907466258 19 -17 
1491907466263 21 -19 
1491907466294 19 -18 
1491907466316 17 -20 
1491907466337 18 -20 
1491907466358 19 -17 
1491907466374 20 -17 
1491907466396 21 -18 
1491907466417 20 -19 
1491907466438 19 -20 
1491907466454 19 -20 
1491907466477 20 -19 
1491907466498 20 -19 
1491907466514 20 -18 
1491907466537 18 -20 
1491907466558 19 -20 
1491907466574 18 -19 
1491907466597 19 -18 
1491907466618 21 -18 
1491907466634 20 -19 
1491907466657 19 -20 
1491907466678 18 -19 
1491907466694 19 -18 
1491907466717 21 -19 
1491907466737 21 -19 
1491907466758 19 -21 
1491907466774 19 -20 
1491907466797 19 -19 
1491907466818 20 -20 
1491907466834 20 -18 
1491907466856 20 -19 
1491907466877 20 -21 
1491907466898 18 -19 
1491907466919 19 -19 
1491907466935 19 -17 
1491907466978 38 -36 
1491907467017 33 -34 
1491907467038 17 -15 
1491907467059 18 -16 
1491907467075 16 -16 
1491907467097 14 -16 
1491907467118 14 -15 
1491907467134 13 -15 
1491907467157 14 -13 
1491907467178 14 -11 
1491907467199 14 -13 
1491907467214 12 -11 
1491907467236 12 -12 
1491907467257 11 -13 
1491907467278 10 -12 
1491907467294 11 -11 
1491907467316 11 -9 
1491907467358 24 -19 
1491907467374 10 -9 
1491907467397 9 -10 
1491907467418 9 -9 
1491907467434 9 -9 
1491907467457 8 -10 
1491907467478 9 -9 
1491907467494 8 -8 
1491907467518 8 -9 
1491907467538 8 -7 
1491907467554 8 -7 
1491907467577 8 -8 
1491907467598 9 -7 
1491907467614 7 -7 
1491907467637 8 -7 
1491907467658 7 -6 
1491907467678 6 -6 
1491907467694 7 -6 
1491907467716 7 -7 
1491907467737 7 -6 
1491907467758 6 -7 
1491907467774 6 -7 
1491907467797 7 -8 
1491907467818 8 -8 
1491907467834 8 -6 
1491907467857 7 -6 
1491907467878 7 -7 
1491907467894 8 -6 
1491907467917 7 -6 
1491907467938 7 -6 
1491907467954 7 -7 
1491907467977 7 -5 
1491907467998 8 -6 
1491907468014 6 -5 
1491907468037 7 -7 
1491907468058 7 -7 
1491907468063 6 -6 
1491907468095 7 -7 
1491907468117 7 -8 
1491907468138 7 -8 
1491907468143 8 -6 
1491907468174 7 -8 
1491907468196 7 -7 
1491907468217 8 -8 
1491907468238 8 -6 
1491907468254 7 -7 
1491907468277 7 -7 
1491907468298 7 -6 
1491907468314 7 -6 
1491907468337 7 -5 
1491907468358 7 -7 
1491907468374 6 -8 
1491907468397 6 -6 
1491907468418 7 -8 
1491907468434 8 -8 
1491907468457 9 -7 
1491907468478 7 -8 
1491907468499 8 -8 
1491907468515 8 -8 
1491907468537 9 -7 
1491907468558 7 -7 
1491907468574 8 -7 
1491907468597 7 -6 
STOP
1491907468617 7 -5 
1491907468639 7 -7 
1491907468654 3 -4 
1491907468677 -2 2 
