1491908123162 0 0 
1491908123178 0 0 
1491908123201 0 0 
1491908123222 0 0 
1491908123238 0 0 
1491908123261 0 0 
1491908123282 0 0 
1491908123298 0 0 
1491908123321 0 0 
1491908123342 0 0 
1491908123358 0 0 
1491908123380 0 0 
1491908123401 0 0 
1491908123422 0 0 
1491908123438 0 0 
1491908123461 0 0 
1491908123482 0 0 
1491908123498 0 0 
1491908123521 0 0 
1491908123542 0 0 
1491908123558 0 0 
1491908123581 0 0 
1491908123602 0 0 
1491908123618 0 0 
1491908123641 0 0 
1491908123662 0 0 
1491908123683 0 0 
1491908123698 0 0 
1491908123721 0 0 
1491908123742 0 0 
1491908123758 0 0 
1491908123780 0 0 
1491908123801 0 0 
1491908123822 0 0 
1491908123843 0 0 
1491908123859 0 0 
1491908123881 0 0 
1491908123902 0 0 
1491908123918 0 0 
1491908123941 0 0 
1491908123962 0 0 
1491908123983 0 0 
1491908123999 0 0 
1491908124021 0 0 
1491908124042 0 0 
1491908124058 0 0 
1491908124081 0 0 
1491908124102 0 0 
STRAIGHT: 3.00000
1491908124123 0 0 
1491908124139 0 0 
1491908124160 0 0 
1491908124181 0 0 
1491908124187 0 0 
1491908124218 0 0 
1491908124240 0 0 
1491908124282 0 0 
1491908124298 1 1 
1491908124321 5 7 
1491908124342 6 5 
1491908124358 6 5 
1491908124381 6 6 
1491908124402 7 8 
1491908124423 6 7 
1491908124439 10 9 
1491908124461 9 9 
1491908124482 11 12 
1491908124498 13 12 
1491908124521 15 15 
1491908124542 16 15 
1491908124563 16 17 
1491908124579 17 17 
1491908124601 18 19 
1491908124622 20 21 
1491908124638 19 20 
1491908124660 22 23 
1491908124681 22 21 
1491908124702 25 26 
1491908124718 24 25 
1491908124741 26 25 
1491908124762 27 26 
1491908124778 28 30 
1491908124800 28 31 
1491908124821 31 29 
1491908124842 32 32 
1491908124858 32 35 
1491908124881 32 34 
1491908124902 35 34 
1491908124918 36 35 
1491908124941 36 38 
1491908124962 38 39 
1491908124978 39 40 
1491908125001 40 41 
1491908125022 42 40 
1491908125038 43 44 
1491908125061 44 45 
1491908125082 44 45 
1491908125098 46 47 
1491908125121 46 48 
1491908125142 46 46 
1491908125163 47 45 
1491908125178 46 47 
1491908125200 48 48 
1491908125221 47 47 
1491908125242 48 48 
1491908125258 46 47 
1491908125281 47 47 
1491908125302 45 47 
1491908125318 45 45 
1491908125341 48 46 
1491908125362 48 49 
1491908125378 49 49 
1491908125401 48 48 
1491908125422 49 48 
1491908125438 49 47 
1491908125461 47 48 
1491908125482 46 49 
1491908125498 45 48 
1491908125521 47 47 
1491908125542 48 46 
1491908125558 48 47 
1491908125581 47 49 
1491908125602 47 47 
1491908125622 49 48 
1491908125638 49 48 
1491908125660 48 48 
1491908125681 47 47 
1491908125687 46 47 
1491908125718 46 46 
1491908125741 47 47 
1491908125762 48 48 
1491908125778 48 49 
1491908125800 50 48 
1491908125821 49 48 
1491908125842 49 49 
1491908125863 50 49 
1491908125879 49 49 
1491908125901 49 49 
1491908125922 49 48 
1491908125938 48 49 
1491908125961 47 48 
1491908125982 47 49 
1491908126003 48 49 
1491908126019 49 49 
1491908126041 48 48 
1491908126062 50 49 
1491908126078 49 49 
1491908126101 49 49 
1491908126122 49 48 
1491908126137 49 49 
1491908126160 49 50 
1491908126181 49 49 
1491908126202 49 49 
1491908126218 48 48 
1491908126240 47 49 
1491908126261 48 48 
1491908126298 102 98 
1491908126321 51 50 
1491908126342 49 50 
1491908126358 50 48 
1491908126381 49 48 
1491908126402 49 50 
1491908126418 48 50 
1491908126441 48 50 
1491908126462 49 48 
1491908126478 49 49 
1491908126501 50 48 
1491908126522 50 50 
1491908126538 50 50 
1491908126561 49 50 
1491908126582 49 49 
1491908126587 49 49 
1491908126618 50 50 
1491908126640 50 50 
1491908126661 49 49 
1491908126667 50 50 
1491908126698 49 49 
1491908126720 50 49 
1491908126741 50 51 
1491908126762 51 50 
1491908126778 50 50 
1491908126801 50 49 
1491908126822 48 50 
1491908126838 49 50 
1491908126861 50 49 
1491908126882 51 51 
1491908126898 50 50 
1491908126921 50 50 
1491908126942 50 49 
1491908126958 49 50 
1491908126981 51 50 
1491908127002 51 50 
1491908127023 51 51 
1491908127039 50 50 
1491908127082 102 100 
1491908127120 99 100 
1491908127141 51 51 
1491908127162 51 51 
1491908127178 50 50 
1491908127200 49 50 
1491908127221 52 50 
1491908127242 49 51 
1491908127258 50 50 
1491908127280 50 51 
1491908127301 51 50 
1491908127322 52 50 
1491908127338 51 51 
1491908127361 50 51 
1491908127382 49 51 
1491908127398 50 50 
1491908127421 50 50 
1491908127442 50 51 
1491908127463 51 51 
1491908127479 49 50 
1491908127501 48 49 
1491908127522 52 49 
1491908127538 53 50 
1491908127561 53 53 
1491908127582 53 53 
1491908127603 49 50 
1491908127619 47 47 
1491908127640 49 46 
1491908127661 51 50 
1491908127677 49 50 
1491908127700 52 53 
1491908127721 52 52 
1491908127742 52 51 
1491908127758 52 50 
1491908127781 52 51 
1491908127802 51 52 
1491908127818 51 52 
1491908127841 50 51 
1491908127862 51 50 
1491908127878 51 51 
1491908127901 52 52 
1491908127922 50 52 
1491908127938 51 51 
1491908127961 50 50 
1491908127982 51 51 
1491908127998 52 51 
1491908128021 51 52 
1491908128042 51 51 
1491908128047 51 51 
1491908128079 52 52 
1491908128100 50 50 
1491908128121 48 48 
1491908128127 49 49 
1491908128158 52 51 
1491908128181 54 54 
1491908128202 53 53 
1491908128218 53 51 
1491908128241 53 52 
1491908128262 53 53 
1491908128278 53 53 
1491908128301 51 51 
1491908128322 51 51 
1491908128338 52 51 
1491908128361 52 52 
1491908128382 51 53 
1491908128398 51 52 
1491908128421 52 51 
1491908128442 50 50 
1491908128458 51 51 
1491908128481 51 53 
1491908128502 52 52 
1491908128518 52 51 
1491908128541 52 51 
1491908128562 51 52 
1491908128577 53 52 
1491908128600 50 52 
1491908128621 52 51 
1491908128642 52 51 
1491908128658 53 53 
1491908128680 52 53 
1491908128701 51 52 
1491908128722 51 51 
1491908128738 53 51 
1491908128761 52 53 
1491908128782 52 52 
1491908128798 53 52 
1491908128821 54 51 
1491908128842 51 51 
1491908128858 51 52 
1491908128881 53 52 
1491908128902 53 52 
1491908128918 52 53 
1491908128941 52 52 
1491908128962 52 53 
1491908128978 52 50 
1491908129001 53 52 
1491908129022 51 53 
1491908129043 52 54 
1491908129080 105 102 
1491908129101 53 53 
1491908129107 53 53 
1491908129138 52 53 
1491908129160 53 52 
1491908129181 52 52 
1491908129202 52 52 
1491908129218 52 54 
1491908129241 52 53 
1491908129262 52 52 
1491908129278 53 50 
1491908129301 53 52 
1491908129322 54 54 
1491908129343 53 53 
1491908129359 53 52 
1491908129381 52 52 
1491908129402 53 52 
1491908129418 52 52 
1491908129441 51 52 
1491908129462 51 52 
1491908129483 52 53 
1491908129499 52 52 
1491908129521 53 51 
1491908129541 52 52 
1491908129547 53 52 
1491908129578 51 52 
1491908129600 51 52 
1491908129621 52 52 
1491908129642 53 52 
1491908129658 52 52 
1491908129681 51 52 
1491908129702 52 53 
1491908129718 53 52 
1491908129741 53 52 
1491908129762 53 53 
1491908129783 53 54 
1491908129799 53 52 
1491908129821 53 53 
1491908129842 52 53 
1491908129858 52 52 
1491908129881 52 52 
1491908129902 52 52 
1491908129923 53 53 
1491908129939 52 53 
1491908129961 52 52 
1491908129982 53 52 
1491908129998 51 52 
1491908130020 52 52 
1491908130041 52 52 
1491908130062 54 54 
1491908130078 53 53 
1491908130100 53 53 
1491908130121 52 53 
1491908130142 53 52 
1491908130158 52 53 
1491908130180 54 52 
1491908130222 106 108 
1491908130238 52 53 
1491908130261 53 51 
1491908130282 52 52 
1491908130298 54 54 
1491908130321 53 53 
1491908130342 53 52 
1491908130363 52 53 
1491908130379 54 52 
1491908130401 52 54 
1491908130422 53 53 
1491908130438 52 52 
1491908130461 53 54 
1491908130482 53 53 
1491908130503 54 53 
1491908130518 54 53 
1491908130540 53 54 
1491908130561 52 53 
1491908130582 52 51 
1491908130598 53 51 
1491908130620 54 54 
1491908130641 53 55 
1491908130662 54 54 
1491908130678 52 52 
1491908130701 53 53 
1491908130722 54 52 
1491908130738 53 55 
1491908130761 53 54 
1491908130782 54 53 
1491908130798 53 53 
1491908130821 53 53 
1491908130842 54 54 
1491908130858 53 53 
1491908130881 53 54 
1491908130902 54 53 
1491908130918 54 53 
1491908130941 54 53 
1491908130962 53 54 
1491908130982 52 55 
1491908130999 54 52 
1491908131041 107 105 
1491908131062 53 54 
1491908131078 55 55 
1491908131101 53 54 
1491908131122 52 53 
1491908131138 54 51 
1491908131160 54 54 
1491908131181 56 56 
1491908131202 55 56 
1491908131223 53 54 
1491908131239 51 49 
1491908131261 53 50 
1491908131282 52 53 
1491908131298 54 55 
1491908131321 54 56 
1491908131342 55 54 
1491908131363 56 54 
1491908131379 54 53 
1491908131401 53 55 
1491908131422 53 56 
1491908131438 54 53 
1491908131461 55 53 
1491908131482 55 54 
1491908131498 54 55 
1491908131521 55 56 
1491908131541 53 55 
1491908131562 53 52 
1491908131578 55 53 
1491908131600 54 55 
1491908131621 54 56 
1491908131642 54 54 
1491908131648 54 53 
1491908131679 55 54 
1491908131701 52 54 
1491908131722 48 49 
1491908131738 52 48 
1491908131761 54 55 
1491908131782 58 58 
1491908131803 59 57 
1491908131819 56 54 
1491908131841 54 56 
1491908131862 56 57 
1491908131878 57 54 
1491908131901 57 54 
1491908131922 56 54 
1491908131943 55 56 
1491908131959 55 56 
1491908131980 57 55 
1491908132001 57 54 
1491908132022 55 55 
1491908132038 54 54 
1491908132060 52 55 
1491908132081 52 52 
1491908132102 54 53 
1491908132118 54 54 
1491908132141 54 56 
1491908132162 54 55 
1491908132178 55 54 
1491908132201 54 54 
1491908132222 56 55 
1491908132243 55 56 
1491908132259 55 55 
1491908132281 55 55 
1491908132302 56 54 
1491908132318 53 54 
1491908132341 54 56 
1491908132362 55 54 
1491908132383 55 54 
1491908132399 54 54 
1491908132421 55 55 
1491908132442 55 55 
1491908132458 55 55 
1491908132480 53 54 
1491908132501 55 54 
1491908132522 56 55 
1491908132538 54 55 
1491908132561 55 56 
1491908132582 55 56 
1491908132598 55 53 
1491908132620 55 54 
1491908132641 55 56 
1491908132662 55 56 
1491908132668 55 54 
1491908132699 54 54 
1491908132742 109 108 
1491908132758 55 56 
1491908132781 55 55 
1491908132802 55 55 
1491908132823 55 54 
1491908132839 55 55 
1491908132861 54 55 
1491908132882 55 56 
1491908132898 54 55 
1491908132921 57 55 
1491908132942 56 55 
1491908132963 55 55 
1491908132979 53 54 
1491908133001 55 54 
1491908133021 54 54 
1491908133027 54 53 
1491908133058 54 55 
1491908133080 55 56 
1491908133101 54 56 
1491908133122 54 54 
1491908133138 55 54 
1491908133161 55 54 
1491908133182 55 56 
1491908133198 56 55 
1491908133221 55 55 
1491908133242 56 56 
1491908133258 55 54 
1491908133281 54 55 
1491908133318 108 109 
1491908133341 55 54 
1491908133362 55 55 
1491908133378 55 54 
1491908133401 55 55 
1491908133422 54 56 
1491908133427 55 54 
1491908133459 57 55 
1491908133481 56 56 
1491908133501 56 56 
1491908133507 53 56 
1491908133538 53 54 
1491908133560 54 53 
1491908133581 54 53 
1491908133602 54 56 
1491908133618 55 54 
1491908133640 56 55 
1491908133661 55 55 
1491908133682 56 56 
1491908133698 55 55 
1491908133721 55 56 
1491908133742 56 55 
1491908133758 55 56 
1491908133781 56 54 
1491908133802 54 56 
1491908133823 55 55 
1491908133839 54 55 
1491908133861 56 55 
1491908133882 56 56 
1491908133898 54 54 
1491908133921 55 56 
1491908133942 56 55 
1491908133958 55 55 
1491908133981 56 56 
1491908134001 55 55 
1491908134023 55 56 
1491908134038 55 55 
1491908134060 54 54 
1491908134081 56 55 
1491908134102 56 56 
1491908134118 56 56 
1491908134141 56 55 
1491908134178 111 111 
1491908134201 54 55 
1491908134222 55 55 
1491908134238 55 55 
1491908134261 57 56 
1491908134282 55 55 
1491908134298 56 56 
1491908134321 55 56 
1491908134342 56 55 
1491908134358 54 55 
1491908134381 55 54 
1491908134402 57 56 
1491908134407 55 56 
1491908134439 55 56 
1491908134461 55 54 
1491908134482 55 55 
1491908134503 57 56 
1491908134519 55 56 
1491908134540 55 56 
1491908134561 57 56 
1491908134582 56 54 
1491908134598 55 55 
1491908134621 56 56 
1491908134642 55 55 
1491908134658 54 55 
1491908134681 56 56 
1491908134702 56 56 
1491908134718 57 56 
1491908134741 56 57 
1491908134762 56 56 
1491908134778 54 56 
1491908134801 56 54 
1491908134822 55 55 
1491908134843 56 57 
1491908134859 56 56 
1491908134881 56 56 
1491908134902 56 54 
1491908134918 54 55 
1491908134941 56 56 
1491908134962 54 56 
1491908134983 57 55 
1491908134998 57 55 
1491908135021 56 56 
1491908135042 56 57 
1491908135058 55 56 
1491908135080 56 56 
1491908135101 56 55 
1491908135122 56 56 
1491908135143 55 57 
1491908135159 55 55 
1491908135181 54 55 
1491908135202 55 54 
1491908135218 57 55 
1491908135241 57 58 
1491908135262 56 57 
1491908135283 55 57 
1491908135299 56 55 
1491908135321 57 54 
1491908135342 55 56 
1491908135358 54 56 
1491908135381 56 56 
1491908135402 56 55 
1491908135423 57 57 
1491908135439 56 55 
1491908135460 55 57 
1491908135481 56 55 
1491908135502 56 55 
1491908135518 56 56 
1491908135540 56 56 
1491908135561 57 56 
1491908135582 56 56 
1491908135598 57 57 
1491908135621 55 56 
1491908135642 55 55 
1491908135658 56 56 
1491908135681 55 56 
1491908135723 113 111 
1491908135739 56 56 
1491908135761 56 57 
1491908135782 55 56 
1491908135798 57 57 
1491908135821 57 56 
1491908135842 56 57 
1491908135863 57 57 
1491908135879 56 56 
1491908135901 56 55 
1491908135922 56 55 
1491908135927 56 56 
1491908135959 56 57 
1491908135980 56 56 
1491908136001 56 57 
1491908136022 57 54 
1491908136038 56 56 
1491908136061 56 57 
1491908136082 55 56 
1491908136098 56 55 
1491908136121 56 57 
1491908136142 58 56 
1491908136158 56 57 
1491908136181 56 57 
1491908136202 56 56 
1491908136218 55 55 
1491908136241 56 55 
1491908136262 58 54 
1491908136278 56 51 
1491908136301 55 54 
1491908136322 56 56 
1491908136327 61 59 
1491908136359 58 59 
1491908136381 54 58 
1491908136402 52 53 
1491908136407 52 51 
1491908136439 56 55 
1491908136460 55 56 
1491908136481 57 56 
1491908136502 57 58 
1491908136518 57 56 
1491908136540 58 58 
1491908136561 58 58 
1491908136582 57 59 
1491908136598 57 58 
1491908136621 57 58 
1491908136642 57 58 
1491908136658 55 56 
1491908136681 56 57 
1491908136702 56 57 
1491908136723 57 56 
1491908136739 56 54 
1491908136761 54 54 
1491908136782 52 55 
1491908136798 53 53 
1491908136821 51 52 
1491908136842 52 51 
1491908136858 46 46 
1491908136881 46 47 
1491908136901 49 49 
1491908136922 52 50 
1491908136938 49 51 
1491908136960 49 48 
1491908136981 48 46 
1491908137002 48 49 
1491908137008 48 48 
1491908137039 47 46 
1491908137061 44 43 
1491908137082 44 44 
1491908137098 43 43 
1491908137121 44 43 
1491908137142 41 43 
1491908137163 40 41 
1491908137179 38 39 
1491908137201 39 39 
1491908137222 38 38 
1491908137238 38 38 
1491908137261 39 39 
1491908137282 37 38 
1491908137303 37 38 
1491908137319 38 37 
1491908137341 36 36 
1491908137362 35 36 
1491908137378 36 35 
1491908137400 36 34 
1491908137421 34 35 
1491908137442 34 34 
1491908137458 32 34 
1491908137481 32 33 
1491908137502 32 32 
1491908137518 32 32 
1491908137541 30 31 
1491908137562 31 29 
1491908137578 31 30 
1491908137601 30 31 
1491908137638 59 59 
1491908137661 29 29 
1491908137682 29 28 
1491908137698 28 30 
1491908137721 28 28 
1491908137742 27 27 
1491908137747 27 26 
1491908137779 26 26 
1491908137801 27 26 
1491908137822 25 26 
1491908137827 24 26 
1491908137858 26 24 
1491908137881 25 25 
1491908137902 23 23 
1491908137918 24 24 
1491908137941 23 24 
1491908137962 24 24 
1491908137978 22 21 
1491908138001 23 22 
1491908138022 22 23 
1491908138038 23 23 
1491908138061 21 21 
1491908138082 21 19 
1491908138098 21 21 
1491908138121 21 22 
1491908138142 20 21 
1491908138158 19 21 
1491908138181 19 18 
1491908138202 20 18 
1491908138218 20 20 
1491908138241 18 20 
1491908138262 18 18 
1491908138278 17 17 
1491908138301 19 17 
1491908138322 18 18 
1491908138342 18 19 
1491908138358 18 17 
1491908138380 17 17 
1491908138401 15 16 
1491908138422 16 16 
1491908138438 16 15 
1491908138461 18 17 
1491908138482 15 17 
1491908138498 15 17 
1491908138521 15 14 
1491908138542 15 13 
1491908138558 16 14 
1491908138581 15 16 
1491908138602 15 16 
1491908138618 14 14 
1491908138641 14 13 
1491908138662 13 13 
1491908138678 14 13 
1491908138701 13 13 
1491908138722 15 13 
1491908138738 12 13 
1491908138761 13 14 
1491908138782 11 12 
1491908138803 12 12 
1491908138819 12 12 
1491908138840 12 12 
1491908138861 13 10 
1491908138882 13 12 
1491908138888 13 12 
1491908138919 12 13 
1491908138941 10 12 
1491908138962 11 10 
1491908138978 10 10 
1491908139001 10 11 
1491908139022 11 10 
1491908139043 11 9 
1491908139059 12 9 
1491908139081 10 11 
1491908139102 11 11 
1491908139118 10 10 
1491908139141 10 10 
1491908139162 9 10 
1491908139183 10 11 
1491908139199 10 10 
1491908139221 11 9 
1491908139242 10 10 
1491908139247 10 9 
1491908139278 10 9 
1491908139300 11 10 
1491908139321 10 11 
1491908139342 9 10 
1491908139358 10 9 
1491908139381 9 10 
1491908139402 10 10 
1491908139418 9 10 
1491908139441 10 9 
1491908139462 10 9 
1491908139483 10 9 
1491908139499 10 10 
1491908139521 10 8 
ROTATE: 1.57080
1491908139542 -3 -2 
1491908139558 0 -1 
1491908139581 0 0 
1491908139602 0 0 
1491908139623 0 0 
1491908139639 0 0 
1491908139661 3 -1 
1491908139682 4 -1 
1491908139698 4 -2 
1491908139721 3 -4 
1491908139742 4 -5 
1491908139762 3 -5 
1491908139778 4 -8 
1491908139802 5 -8 
1491908139821 7 -8 
1491908139842 7 -8 
1491908139881 22 -21 
1491908139902 14 -13 
1491908139923 16 -14 
1491908139939 18 -15 
1491908139961 20 -17 
1491908139982 20 -19 
1491908139998 21 -19 
1491908140021 19 -18 
1491908140042 19 -19 
1491908140063 20 -19 
1491908140079 19 -19 
1491908140101 15 -19 
1491908140138 36 -32 
1491908140161 20 -17 
1491908140182 18 -17 
1491908140203 17 -19 
1491908140219 16 -21 
1491908140241 18 -19 
1491908140261 19 -17 
1491908140282 18 -16 
1491908140298 18 -18 
1491908140320 19 -19 
1491908140341 17 -20 
1491908140362 17 -19 
1491908140378 20 -18 
1491908140401 19 -17 
1491908140422 20 -18 
1491908140438 18 -19 
1491908140461 18 -18 
1491908140482 19 -19 
1491908140503 18 -17 
1491908140519 19 -18 
1491908140541 19 -18 
1491908140562 18 -19 
1491908140578 17 -19 
1491908140601 19 -19 
1491908140622 20 -17 
1491908140643 20 -18 
1491908140659 19 -19 
1491908140681 18 -20 
1491908140702 18 -20 
1491908140722 20 -18 
1491908140738 20 -17 
1491908140760 19 -18 
1491908140781 20 -19 
1491908140802 17 -19 
1491908140818 19 -20 
1491908140841 20 -19 
1491908140862 19 -18 
1491908140878 20 -18 
1491908140901 18 -19 
1491908140922 18 -20 
1491908140938 20 -20 
1491908140961 20 -18 
1491908140982 20 -17 
1491908140998 20 -19 
1491908141021 18 -20 
1491908141042 19 -19 
1491908141058 19 -19 
1491908141081 20 -18 
1491908141102 21 -19 
1491908141123 19 -19 
1491908141139 19 -18 
1491908141161 19 -21 
1491908141181 20 -19 
1491908141202 19 -19 
1491908141218 21 -19 
1491908141241 19 -19 
1491908141262 19 -20 
1491908141278 20 -19 
1491908141300 20 -19 
1491908141321 20 -19 
1491908141342 20 -20 
1491908141363 20 -19 
1491908141379 18 -19 
1491908141401 18 -18 
1491908141422 20 -16 
1491908141438 17 -18 
1491908141461 16 -16 
1491908141482 15 -17 
1491908141503 16 -17 
1491908141519 15 -15 
1491908141541 16 -12 
1491908141562 16 -13 
1491908141578 14 -15 
1491908141601 12 -13 
1491908141622 12 -14 
1491908141627 13 -13 
1491908141658 13 -12 
1491908141681 13 -9 
1491908141702 14 -11 
1491908141718 12 -9 
1491908141740 11 -13 
1491908141803 29 -32 
1491908141819 10 -10 
1491908141841 11 -10 
1491908141862 10 -8 
1491908141878 9 -8 
1491908141901 11 -8 
1491908141922 9 -8 
1491908141943 8 -7 
1491908141959 8 -9 
1491908142002 15 -15 
1491908142007 6 -6 
1491908142039 8 -7 
1491908142060 6 -7 
1491908142081 7 -7 
1491908142102 6 -6 
1491908142118 7 -7 
1491908142141 7 -6 
1491908142162 7 -5 
1491908142178 8 -5 
1491908142201 6 -6 
1491908142222 8 -6 
1491908142238 7 -4 
1491908142261 8 -7 
1491908142282 7 -6 
1491908142298 8 -7 
1491908142321 6 -7 
1491908142342 6 -6 
1491908142358 7 -8 
1491908142381 7 -8 
1491908142423 12 -13 
1491908142439 7 -8 
1491908142461 7 -7 
1491908142482 7 -7 
1491908142498 8 -8 
1491908142521 9 -8 
1491908142541 9 -6 
1491908142562 7 -6 
1491908142578 8 -8 
1491908142600 6 -8 
1491908142621 7 -7 
1491908142642 6 -7 
1491908142648 6 -8 
1491908142679 7 -8 
1491908142701 7 -7 
1491908142722 6 -8 
1491908142738 7 -7 
1491908142761 7 -6 
1491908142782 7 -6 
1491908142803 8 -7 
1491908142819 9 -6 
1491908142841 8 -5 
1491908142862 8 -6 
1491908142878 8 -7 
1491908142901 7 -8 
1491908142938 14 -13 
1491908142961 7 -8 
1491908142982 7 -7 
1491908143003 7 -6 
1491908143018 7 -8 
1491908143040 6 -8 
1491908143061 7 -8 
1491908143082 8 -7 
STOP
1491908143088 9 -7 
1491908143119 8 -6 
STRAIGHT: 3.00000
1491908143141 -2 2 
1491908143162 1 1 
1491908143178 1 0 
1491908143201 0 0 
1491908143222 0 0 
1491908143243 1 0 
1491908143259 1 2 
1491908143281 2 1 
1491908143318 7 9 
1491908143341 4 4 
1491908143362 5 4 
1491908143383 6 7 
1491908143399 7 8 
1491908143421 7 7 
1491908143441 9 8 
1491908143447 9 10 
1491908143478 12 12 
1491908143500 12 13 
1491908143521 15 14 
1491908143542 16 15 
1491908143558 18 18 
1491908143581 18 16 
1491908143602 19 18 
1491908143618 18 19 
1491908143641 21 20 
1491908143662 24 22 
1491908143683 24 25 
1491908143699 22 25 
1491908143721 24 25 
1491908143742 25 25 
1491908143758 26 27 
1491908143781 25 27 
1491908143802 28 28 
1491908143823 28 27 
1491908143839 31 30 
1491908143861 32 33 
1491908143882 32 34 
1491908143898 35 33 
1491908143920 34 34 
1491908143941 35 37 
1491908143962 37 38 
1491908143978 39 39 
1491908144001 38 39 
1491908144022 39 41 
1491908144038 42 41 
1491908144061 43 43 
1491908144082 42 42 
1491908144098 45 45 
1491908144121 46 46 
1491908144142 46 47 
1491908144158 47 46 
1491908144181 46 47 
1491908144202 46 47 
1491908144218 46 47 
1491908144241 47 47 
1491908144262 49 48 
1491908144267 48 49 
1491908144321 95 95 
1491908144342 47 47 
1491908144358 47 48 
1491908144380 47 48 
1491908144401 47 48 
1491908144422 47 47 
1491908144438 47 46 
1491908144461 47 48 
1491908144482 47 47 
1491908144498 47 47 
1491908144521 48 48 
1491908144542 48 47 
1491908144558 48 48 
1491908144581 49 49 
1491908144602 49 49 
1491908144618 47 48 
1491908144641 48 47 
1491908144662 48 47 
1491908144678 46 47 
1491908144701 49 49 
1491908144722 48 48 
1491908144727 48 49 
1491908144759 47 47 
1491908144781 47 47 
1491908144802 48 48 
1491908144807 47 49 
1491908144838 50 49 
1491908144860 48 48 
1491908144881 48 48 
1491908144902 49 48 
1491908144918 48 48 
1491908144940 49 49 
1491908144961 48 49 
1491908144982 49 49 
1491908144998 47 48 
1491908145021 49 48 
1491908145042 48 47 
1491908145058 48 49 
1491908145081 48 50 
1491908145102 50 49 
1491908145123 49 49 
1491908145139 49 48 
1491908145161 49 49 
1491908145182 49 49 
1491908145198 50 50 
1491908145221 49 49 
1491908145242 48 48 
1491908145258 49 49 
1491908145280 49 50 
1491908145301 49 49 
1491908145322 50 49 
1491908145338 50 49 
1491908145360 49 50 
1491908145381 49 49 
1491908145402 49 49 
1491908145408 50 49 
1491908145439 48 49 
1491908145461 49 50 
1491908145482 49 49 
1491908145521 100 97 
1491908145542 50 50 
1491908145563 51 51 
1491908145579 50 50 
1491908145601 49 49 
1491908145622 50 49 
1491908145638 49 49 
1491908145661 49 50 
1491908145682 50 50 
1491908145703 49 50 
1491908145719 51 50 
1491908145741 49 48 
1491908145762 51 50 
1491908145777 50 50 
1491908145800 49 50 
1491908145821 49 50 
1491908145842 49 49 
1491908145858 50 50 
1491908145881 50 50 
1491908145902 49 49 
1491908145918 49 49 
1491908145941 49 49 
1491908145962 51 50 
1491908145978 50 50 
1491908146001 51 51 
1491908146022 51 50 
1491908146038 50 50 
1491908146061 51 50 
1491908146082 48 50 
1491908146098 50 50 
1491908146121 50 49 
1491908146142 52 51 
1491908146158 49 49 
1491908146181 50 52 
1491908146202 49 49 
1491908146217 50 49 
1491908146240 51 50 
1491908146261 51 52 
1491908146282 49 51 
1491908146298 50 49 
1491908146320 52 51 
1491908146341 52 51 
1491908146362 50 51 
1491908146378 52 51 
1491908146400 50 50 
1491908146421 49 50 
1491908146442 50 51 
1491908146458 51 51 
1491908146481 51 51 
1491908146502 51 50 
1491908146518 50 49 
1491908146541 51 51 
1491908146562 51 52 
1491908146583 51 52 
1491908146599 50 50 
1491908146621 51 50 
1491908146642 51 50 
1491908146658 50 52 
1491908146681 52 51 
1491908146702 51 51 
1491908146722 51 50 
1491908146738 51 50 
1491908146760 51 51 
1491908146781 52 52 
1491908146787 51 52 
1491908146818 51 50 
1491908146840 50 51 
1491908146861 51 51 
1491908146882 49 50 
1491908146898 52 52 
1491908146921 51 50 
1491908146942 50 50 
1491908146958 51 52 
1491908146981 51 51 
1491908147002 51 52 
1491908147023 52 51 
1491908147039 51 52 
1491908147061 51 51 
1491908147082 52 51 
1491908147098 50 50 
1491908147121 50 51 
1491908147142 51 51 
1491908147163 52 51 
1491908147179 51 50 
1491908147200 52 52 
1491908147221 51 51 
1491908147227 50 51 
1491908147258 52 52 
1491908147280 50 50 
1491908147301 52 52 
1491908147322 52 52 
1491908147338 51 52 
1491908147361 51 52 
1491908147382 52 51 
1491908147398 52 52 
1491908147421 53 52 
1491908147442 52 52 
1491908147458 52 51 
1491908147481 51 52 
1491908147502 52 52 
1491908147518 50 51 
1491908147541 52 51 
1491908147562 53 51 
1491908147578 52 52 
1491908147601 52 53 
1491908147621 52 52 
1491908147642 51 51 
1491908147658 52 52 
1491908147680 52 52 
1491908147701 51 52 
1491908147722 51 52 
1491908147738 52 52 
1491908147761 52 51 
1491908147782 52 52 
1491908147798 52 52 
1491908147821 52 53 
1491908147842 51 51 
1491908147858 52 52 
1491908147881 52 52 
1491908147902 53 52 
1491908147918 52 53 
1491908147941 52 52 
1491908147962 52 51 
1491908147978 53 52 
1491908148001 52 53 
1491908148022 53 53 
1491908148027 51 52 
1491908148058 51 52 
1491908148080 53 52 
1491908148101 53 52 
1491908148117 54 52 
1491908148140 54 52 
1491908148161 54 52 
1491908148182 52 53 
1491908148198 50 51 
1491908148221 51 51 
1491908148242 52 52 
1491908148258 52 53 
1491908148281 53 52 
1491908148302 52 52 
1491908148323 53 53 
1491908148339 52 53 
1491908148361 53 52 
1491908148382 53 52 
1491908148398 53 51 
1491908148421 53 54 
1491908148442 51 53 
1491908148463 52 53 
1491908148479 52 51 
1491908148501 54 51 
1491908148522 53 53 
1491908148538 52 54 
1491908148561 54 53 
1491908148581 53 52 
1491908148602 53 52 
1491908148618 52 52 
1491908148640 52 52 
1491908148661 52 53 
1491908148682 53 52 
1491908148698 52 53 
1491908148720 54 53 
1491908148741 52 53 
1491908148762 54 53 
1491908148778 53 53 
1491908148801 54 54 
1491908148822 52 52 
1491908148838 52 52 
1491908148861 52 51 
1491908148882 53 54 
1491908148903 54 53 
1491908148919 52 53 
1491908148941 53 52 
1491908148962 53 52 
1491908148978 52 53 
1491908149001 52 54 
1491908149021 53 53 
1491908149042 54 51 
1491908149058 53 54 
1491908149080 53 52 
1491908149101 52 54 
1491908149122 53 52 
1491908149138 53 52 
1491908149160 52 53 
1491908149181 54 53 
1491908149202 53 54 
1491908149218 53 53 
1491908149241 53 53 
1491908149262 52 52 
1491908149278 53 53 
1491908149301 53 53 
1491908149322 53 53 
1491908149343 53 54 
1491908149359 54 54 
1491908149381 53 52 
1491908149402 53 53 
1491908149418 54 54 
1491908149440 53 54 
1491908149461 53 55 
1491908149482 54 53 
1491908149498 52 52 
1491908149520 54 53 
1491908149541 55 54 
1491908149562 52 54 
1491908149578 54 54 
1491908149600 53 51 
1491908149621 54 54 
1491908149642 53 54 
1491908149658 53 54 
1491908149681 54 53 
1491908149702 54 52 
1491908149718 53 54 
1491908149741 54 54 
1491908149762 54 55 
1491908149778 53 53 
1491908149801 53 53 
1491908149822 54 54 
1491908149838 52 53 
1491908149861 55 55 
1491908149882 53 53 
1491908149898 53 52 
1491908149920 53 53 
1491908149942 54 53 
1491908149962 54 55 
1491908149978 55 53 
1491908150000 53 53 
1491908150021 55 53 
1491908150042 54 55 
1491908150058 53 55 
1491908150081 54 52 
1491908150102 53 52 
1491908150118 53 53 
1491908150141 54 53 
1491908150162 53 52 
1491908150178 54 54 
1491908150201 54 53 
1491908150222 53 54 
1491908150238 53 53 
1491908150261 54 55 
1491908150282 53 53 
1491908150298 55 54 
1491908150321 54 55 
1491908150342 54 55 
1491908150358 54 53 
1491908150381 54 55 
1491908150401 54 54 
1491908150417 54 55 
1491908150440 53 53 
1491908150461 53 54 
1491908150467 54 54 
1491908150498 55 55 
1491908150521 54 54 
1491908150542 54 54 
1491908150558 53 53 
1491908150580 55 55 
1491908150601 53 55 
1491908150622 54 53 
1491908150627 55 54 
1491908150659 54 53 
1491908150681 54 54 
1491908150702 55 55 
1491908150718 55 55 
1491908150741 54 54 
1491908150762 54 54 
1491908150783 53 54 
1491908150799 53 54 
1491908150821 55 55 
1491908150842 53 53 
1491908150857 53 53 
1491908150880 55 54 
1491908150901 55 54 
1491908150922 55 56 
1491908150938 54 55 
1491908150960 54 53 
1491908150981 55 53 
1491908150987 53 55 
1491908151018 54 54 
1491908151040 54 54 
1491908151061 54 55 
1491908151082 54 53 
1491908151121 109 109 
1491908151142 54 55 
1491908151158 54 55 
1491908151181 54 53 
1491908151202 55 55 
1491908151223 56 55 
1491908151239 53 55 
1491908151261 54 54 
1491908151282 55 54 
1491908151298 54 54 
1491908151321 54 55 
1491908151341 55 55 
1491908151362 55 56 
1491908151378 55 55 
1491908151400 55 53 
1491908151421 55 55 
1491908151442 55 55 
1491908151458 56 55 
1491908151480 54 54 
1491908151501 56 56 
1491908151522 54 55 
1491908151538 54 54 
1491908151561 54 54 
1491908151582 54 54 
1491908151598 56 55 
1491908151621 55 55 
1491908151642 56 54 
1491908151658 54 55 
1491908151681 55 55 
1491908151702 54 54 
1491908151718 54 55 
1491908151741 54 54 
1491908151762 56 56 
1491908151778 55 55 
1491908151801 54 55 
1491908151821 55 55 
1491908151842 56 54 
1491908151858 55 55 
1491908151880 55 55 
1491908151901 55 54 
1491908151922 55 55 
1491908151938 55 55 
1491908151961 54 54 
1491908151982 54 54 
1491908151998 55 54 
1491908152021 54 55 
1491908152042 56 56 
1491908152058 56 55 
1491908152081 56 56 
1491908152102 54 54 
1491908152118 54 54 
1491908152141 54 55 
1491908152162 55 56 
1491908152178 55 56 
1491908152201 55 55 
1491908152222 55 55 
1491908152238 55 54 
1491908152261 55 56 
1491908152282 55 55 
1491908152298 55 54 
1491908152320 55 55 
1491908152341 54 54 
1491908152347 55 56 
1491908152378 56 56 
1491908152401 55 55 
1491908152422 55 54 
1491908152438 56 55 
1491908152460 54 56 
1491908152502 111 111 
1491908152523 55 54 
1491908152539 55 55 
1491908152561 55 55 
1491908152582 55 56 
1491908152598 55 54 
1491908152621 55 55 
1491908152642 54 54 
1491908152663 55 54 
1491908152679 55 55 
1491908152701 56 57 
1491908152722 55 55 
1491908152738 54 54 
1491908152760 56 55 
1491908152781 56 56 
1491908152802 56 57 
1491908152818 55 56 
1491908152840 55 53 
1491908152861 56 55 
1491908152882 54 54 
1491908152898 54 56 
1491908152920 55 55 
1491908152941 56 54 
1491908152962 55 55 
1491908152978 55 56 
1491908153001 55 54 
1491908153022 55 55 
1491908153038 55 56 
1491908153061 55 56 
1491908153082 56 55 
1491908153103 57 57 
1491908153119 54 56 
1491908153141 56 56 
1491908153162 56 55 
1491908153178 56 55 
1491908153201 55 56 
1491908153222 55 55 
1491908153243 56 56 
1491908153259 55 54 
1491908153280 55 54 
1491908153301 57 56 
1491908153307 56 56 
1491908153338 54 55 
1491908153360 56 55 
1491908153381 56 57 
1491908153402 55 56 
1491908153418 55 55 
1491908153441 55 55 
1491908153462 55 54 
1491908153478 56 57 
1491908153501 56 55 
1491908153522 56 56 
1491908153543 56 56 
1491908153559 56 56 
1491908153581 55 56 
1491908153602 55 54 
1491908153618 56 55 
1491908153641 56 56 
1491908153661 54 56 
1491908153682 56 55 
1491908153698 56 55 
1491908153720 56 57 
1491908153741 56 56 
1491908153762 55 55 
1491908153778 55 55 
1491908153800 56 55 
1491908153821 55 57 
1491908153842 55 55 
1491908153858 56 55 
1491908153881 55 55 
1491908153902 55 56 
1491908153918 56 56 
1491908153941 56 55 
1491908153962 56 56 
1491908153978 56 56 
1491908154001 55 57 
1491908154022 58 56 
1491908154038 54 56 
1491908154061 56 55 
1491908154082 56 56 
1491908154098 56 55 
1491908154121 56 56 
1491908154142 57 58 
1491908154162 56 56 
1491908154178 55 55 
1491908154200 55 54 
1491908154221 56 56 
1491908154242 55 56 
1491908154258 57 56 
1491908154281 56 56 
1491908154302 57 55 
1491908154318 55 57 
1491908154340 55 56 
1491908154361 57 56 
1491908154382 55 55 
1491908154403 57 56 
1491908154419 57 57 
1491908154441 56 56 
1491908154462 57 57 
1491908154501 111 110 
1491908154522 56 55 
1491908154543 56 57 
1491908154559 56 57 
1491908154581 55 55 
1491908154602 56 54 
1491908154618 56 55 
1491908154640 56 56 
1491908154661 56 57 
1491908154682 56 56 
1491908154698 56 55 
1491908154721 58 56 
1491908154742 55 57 
1491908154758 56 57 
1491908154781 56 56 
1491908154802 56 55 
1491908154818 56 56 
1491908154841 57 56 
1491908154862 56 56 
1491908154878 56 56 
1491908154901 56 55 
1491908154922 54 56 
1491908154938 57 55 
1491908154961 55 57 
1491908154982 56 57 
1491908154998 56 58 
1491908155021 57 56 
1491908155042 57 55 
1491908155058 55 56 
1491908155081 56 58 
1491908155102 56 56 
1491908155123 56 55 
1491908155138 56 55 
1491908155160 58 57 
1491908155181 56 58 
1491908155202 56 56 
1491908155218 56 55 
1491908155240 56 55 
1491908155282 113 114 
1491908155298 55 55 
1491908155321 58 56 
1491908155342 56 56 
1491908155358 57 56 
1491908155381 56 57 
1491908155402 56 56 
1491908155423 57 57 
1491908155439 56 57 
1491908155461 56 56 
1491908155482 57 56 
1491908155498 55 55 
1491908155521 55 55 
1491908155542 57 56 
1491908155563 57 57 
1491908155579 57 57 
1491908155600 56 56 
1491908155621 56 55 
1491908155642 55 57 
1491908155658 56 57 
1491908155680 56 56 
1491908155701 58 56 
1491908155722 56 56 
1491908155738 54 55 
1491908155761 55 54 
1491908155782 52 53 
1491908155798 53 53 
1491908155821 51 51 
1491908155842 52 52 
1491908155858 52 50 
1491908155881 51 50 
1491908155918 97 99 
1491908155941 47 48 
1491908155962 47 48 
1491908155978 47 48 
1491908156001 47 47 
1491908156022 45 45 
1491908156043 46 44 
1491908156059 45 43 
1491908156081 43 45 
1491908156101 43 43 
1491908156107 43 43 
1491908156138 43 41 
1491908156161 42 41 
1491908156182 40 40 
1491908156198 39 40 
1491908156220 40 40 
1491908156241 37 39 
1491908156262 38 39 
1491908156283 37 37 
1491908156299 37 37 
1491908156342 75 74 
1491908156358 35 35 
1491908156381 36 34 
1491908156402 35 35 
1491908156423 33 35 
1491908156439 34 33 
1491908156461 33 33 
1491908156482 32 33 
1491908156498 31 32 
1491908156521 33 31 
1491908156542 31 32 
1491908156558 30 29 
1491908156581 30 30 
1491908156601 30 31 
1491908156622 29 30 
1491908156638 29 28 
1491908156660 29 29 
1491908156681 28 29 
1491908156702 27 27 
1491908156718 29 27 
1491908156741 28 27 
1491908156762 26 28 
1491908156778 26 25 
1491908156801 27 26 
1491908156822 25 25 
1491908156838 25 26 
1491908156861 24 24 
1491908156882 25 24 
1491908156898 24 24 
1491908156921 23 24 
1491908156942 23 23 
1491908156958 23 23 
1491908156981 23 22 
1491908157002 22 21 
1491908157007 22 22 
1491908157039 22 21 
1491908157061 22 23 
1491908157082 21 21 
1491908157087 21 20 
1491908157118 21 21 
1491908157140 19 19 
1491908157161 20 21 
1491908157182 19 19 
1491908157198 20 19 
1491908157220 18 19 
1491908157241 17 17 
1491908157262 19 19 
1491908157278 19 19 
1491908157301 19 18 
1491908157322 19 19 
1491908157338 18 17 
1491908157361 16 15 
1491908157382 16 17 
1491908157398 16 17 
1491908157421 18 16 
1491908157442 16 17 
1491908157447 15 17 
1491908157479 16 15 
1491908157501 15 15 
1491908157522 17 15 
1491908157538 16 17 
1491908157560 17 16 
1491908157581 15 15 
1491908157602 13 15 
1491908157618 13 13 
1491908157640 14 14 
1491908157661 15 15 
1491908157682 14 15 
1491908157698 15 13 
1491908157720 13 13 
1491908157741 12 12 
1491908157762 11 10 
1491908157778 13 12 
1491908157801 11 12 
1491908157822 12 13 
1491908157838 13 12 
1491908157861 12 11 
1491908157882 11 12 
1491908157898 11 12 
1491908157921 11 11 
1491908157942 12 10 
1491908157958 10 11 
1491908157981 11 11 
1491908158002 11 11 
1491908158023 12 11 
1491908158039 11 11 
1491908158060 11 10 
1491908158081 10 10 
1491908158087 10 11 
1491908158118 10 11 
1491908158140 9 9 
1491908158161 10 9 
1491908158182 10 10 
1491908158198 10 10 
1491908158221 10 11 
1491908158242 11 9 
1491908158258 10 10 
1491908158281 10 10 
1491908158302 10 11 
1491908158323 10 10 
1491908158339 10 10 
1491908158361 9 9 
1491908158382 10 10 
1491908158398 10 11 
1491908158421 10 10 
1491908158442 10 9 
1491908158463 11 10 
1491908158479 10 10 
1491908158501 10 11 
1491908158521 9 10 
1491908158537 9 9 
ROTATE: 1.57080
1491908158560 0 0 
1491908158581 -1 -2 
1491908158602 0 1 
1491908158618 0 0 
1491908158641 0 0 
1491908158662 0 0 
1491908158678 3 -1 
1491908158700 3 0 
1491908158721 4 -3 
1491908158742 3 -2 
1491908158758 6 -4 
1491908158781 5 -5 
1491908158802 6 -6 
1491908158818 5 -8 
1491908158841 7 -9 
1491908158862 7 -9 
1491908158878 8 -11 
1491908158901 11 -11 
1491908158922 14 -12 
1491908158938 16 -14 
1491908158961 18 -15 
1491908158982 19 -17 
1491908158998 20 -18 
1491908159020 21 -17 
1491908159041 20 -19 
1491908159062 19 -18 
1491908159078 18 -19 
1491908159101 18 -19 
1491908159122 16 -17 
1491908159138 17 -18 
1491908159160 18 -17 
1491908159202 34 -35 
1491908159218 19 -19 
1491908159241 18 -18 
1491908159262 20 -17 
1491908159278 19 -17 
1491908159301 19 -18 
1491908159322 19 -20 
1491908159338 17 -20 
1491908159361 19 -19 
1491908159382 19 -18 
1491908159398 19 -17 
1491908159421 18 -18 
1491908159442 18 -17 
1491908159458 18 -18 
1491908159480 19 -17 
1491908159501 19 -17 
1491908159522 18 -18 
1491908159538 18 -18 
1491908159560 18 -20 
1491908159581 17 -20 
1491908159602 20 -19 
1491908159608 20 -17 
1491908159639 18 -19 
1491908159661 18 -19 
1491908159682 16 -20 
1491908159698 17 -20 
1491908159721 18 -17 
1491908159742 19 -17 
1491908159763 20 -18 
1491908159779 20 -18 
1491908159801 18 -20 
1491908159822 19 -20 
1491908159838 19 -19 
1491908159861 20 -18 
1491908159882 19 -19 
1491908159903 19 -19 
1491908159918 18 -20 
1491908159940 19 -19 
1491908159961 19 -19 
1491908159982 19 -19 
1491908159998 19 -18 
1491908160020 18 -18 
1491908160041 19 -20 
1491908160062 20 -19 
1491908160078 20 -18 
1491908160101 20 -19 
1491908160122 19 -18 
1491908160138 18 -20 
1491908160161 19 -20 
1491908160182 19 -19 
1491908160203 21 -20 
1491908160219 19 -20 
1491908160241 19 -19 
1491908160262 19 -19 
1491908160278 19 -18 
1491908160301 19 -20 
1491908160322 20 -19 
1491908160342 20 -19 
1491908160358 19 -19 
1491908160380 19 -19 
1491908160401 20 -19 
1491908160407 19 -18 
1491908160438 18 -19 
1491908160481 35 -36 
1491908160502 15 -15 
1491908160518 17 -15 
1491908160541 17 -15 
1491908160562 16 -16 
1491908160578 14 -14 
1491908160601 14 -16 
1491908160622 14 -16 
1491908160638 15 -12 
1491908160661 13 -11 
1491908160682 14 -12 
1491908160698 13 -12 
1491908160721 11 -13 
1491908160742 11 -12 
1491908160758 11 -13 
1491908160781 11 -12 
1491908160802 11 -10 
1491908160807 11 -8 
1491908160839 11 -9 
1491908160860 10 -8 
1491908160881 10 -9 
1491908160897 8 -10 
1491908160921 10 -9 
1491908160942 9 -9 
1491908160958 8 -10 
1491908160980 9 -10 
1491908161001 9 -9 
1491908161022 8 -8 
1491908161038 8 -7 
1491908161061 8 -7 
1491908161082 6 -7 
1491908161098 7 -5 
1491908161121 6 -5 
1491908161142 7 -6 
1491908161158 8 -7 
1491908161181 8 -7 
1491908161202 8 -6 
1491908161218 8 -7 
1491908161241 9 -8 
1491908161262 7 -9 
1491908161278 6 -8 
1491908161301 7 -8 
1491908161322 7 -8 
1491908161338 7 -7 
1491908161360 7 -5 
1491908161381 6 -7 
1491908161402 6 -6 
1491908161418 7 -5 
1491908161440 6 -6 
1491908161461 9 -7 
1491908161467 9 -6 
1491908161498 8 -7 
1491908161521 9 -8 
1491908161542 8 -8 
1491908161558 8 -8 
1491908161580 7 -8 
1491908161601 5 -9 
1491908161622 8 -7 
1491908161643 7 -7 
1491908161659 6 -6 
1491908161702 12 -13 
1491908161718 7 -5 
1491908161741 7 -6 
1491908161762 8 -6 
1491908161783 9 -7 
1491908161799 8 -6 
1491908161821 9 -8 
1491908161842 8 -8 
1491908161858 7 -9 
1491908161881 7 -8 
1491908161902 7 -9 
1491908161917 7 -8 
1491908161940 8 -7 
1491908161961 7 -6 
1491908161982 6 -7 
1491908161998 7 -6 
1491908162041 15 -12 
1491908162078 16 -13 
1491908162101 9 -7 
STOP
1491908162122 9 -7 
1491908162138 7 -9 
STRAIGHT: 3.00000
1491908162160 3 -3 
1491908162181 -2 2 
1491908162202 0 -2 
1491908162223 0 -2 
1491908162239 0 0 
1491908162261 0 0 
1491908162282 1 0 
1491908162298 0 0 
1491908162321 2 1 
1491908162342 3 2 
1491908162363 4 3 
1491908162379 4 4 
1491908162401 5 7 
1491908162422 7 6 
1491908162438 9 8 
1491908162461 8 9 
1491908162482 12 11 
1491908162497 11 11 
1491908162520 13 14 
1491908162541 13 13 
1491908162562 14 13 
1491908162578 14 15 
1491908162600 15 15 
1491908162621 18 18 
1491908162642 20 20 
1491908162658 20 22 
1491908162681 21 21 
1491908162702 20 20 
1491908162718 21 20 
1491908162741 23 24 
1491908162762 25 26 
1491908162778 27 27 
1491908162801 27 27 
1491908162822 27 27 
1491908162838 29 30 
1491908162861 29 31 
1491908162882 31 31 
1491908162898 33 33 
1491908162920 33 33 
1491908162941 34 36 
1491908162962 34 34 
1491908162978 37 37 
1491908163000 36 38 
1491908163021 38 39 
1491908163042 39 39 
1491908163058 41 41 
1491908163080 41 41 
1491908163101 44 44 
1491908163122 44 45 
1491908163138 45 45 
1491908163161 44 46 
1491908163182 47 46 
1491908163198 46 46 
1491908163221 46 47 
1491908163242 47 46 
1491908163258 46 47 
1491908163281 47 47 
1491908163302 46 48 
1491908163318 47 47 
1491908163341 45 48 
1491908163362 46 48 
1491908163383 46 46 
1491908163398 47 47 
1491908163420 49 49 
1491908163441 48 47 
1491908163457 48 48 
1491908163480 47 48 
1491908163501 48 47 
1491908163522 47 49 
1491908163538 46 47 
1491908163561 47 47 
1491908163582 48 47 
1491908163598 46 49 
1491908163620 48 48 
1491908163641 48 48 
1491908163662 47 47 
1491908163683 48 48 
1491908163699 48 49 
1491908163721 48 47 
1491908163742 49 48 
1491908163758 48 48 
1491908163781 49 48 
1491908163802 48 48 
1491908163823 48 49 
1491908163839 47 48 
1491908163861 48 49 
1491908163882 48 48 
1491908163898 48 48 
1491908163920 48 47 
1491908163941 48 48 
1491908163962 49 48 
1491908163978 48 48 
1491908164000 50 49 
1491908164021 52 49 
1491908164042 49 49 
1491908164058 50 49 
1491908164080 48 50 
1491908164101 49 50 
1491908164122 46 48 
1491908164138 47 48 
1491908164161 48 48 
1491908164182 48 48 
1491908164198 50 49 
1491908164221 50 49 
1491908164242 49 48 
1491908164263 49 48 
1491908164279 48 49 
1491908164301 49 49 
1491908164322 48 49 
1491908164338 49 49 
1491908164361 49 49 
1491908164381 49 49 
1491908164402 50 49 
1491908164418 48 50 
1491908164440 48 49 
1491908164461 50 49 
1491908164467 49 49 
1491908164498 49 49 
1491908164520 49 49 
1491908164541 49 50 
1491908164562 50 51 
1491908164578 49 49 
1491908164601 49 49 
1491908164622 50 49 
1491908164638 50 50 
1491908164661 50 50 
1491908164682 49 50 
1491908164698 50 50 
1491908164721 49 49 
1491908164742 49 48 
1491908164758 50 48 
1491908164781 50 51 
1491908164802 51 51 
1491908164818 51 50 
1491908164841 51 50 
1491908164861 50 49 
1491908164867 49 50 
1491908164898 49 51 
1491908164920 49 50 
1491908164941 50 50 
1491908164947 50 49 
1491908164978 51 50 
1491908165001 50 50 
1491908165022 50 51 
1491908165038 51 51 
1491908165060 50 49 
1491908165081 50 49 
1491908165102 49 50 
1491908165123 51 52 
1491908165139 51 50 
1491908165161 50 51 
1491908165182 51 50 
1491908165198 50 50 
1491908165221 49 50 
1491908165242 51 51 
1491908165263 51 51 
1491908165279 50 51 
1491908165301 50 50 
1491908165322 51 50 
1491908165337 52 49 
1491908165360 52 48 
1491908165381 51 49 
1491908165397 51 51 
1491908165420 52 52 
1491908165441 51 49 
1491908165462 51 51 
1491908165478 50 51 
1491908165500 50 51 
1491908165521 50 51 
1491908165542 51 51 
1491908165558 52 51 
1491908165581 51 52 
1491908165602 51 51 
1491908165618 49 51 
1491908165641 47 47 
1491908165662 50 46 
1491908165678 48 49 
1491908165701 50 52 
1491908165722 50 52 
1491908165738 50 51 
1491908165761 51 50 
1491908165782 49 49 
1491908165798 51 51 
1491908165820 52 51 
1491908165841 53 51 
1491908165847 51 51 
1491908165878 50 51 
1491908165900 51 52 
1491908165921 51 51 
1491908165927 52 52 
1491908165958 52 51 
1491908165980 49 51 
1491908166001 49 52 
1491908166022 49 49 
1491908166038 50 47 
1491908166060 50 50 
1491908166081 51 51 
1491908166102 52 52 
1491908166118 51 50 
1491908166141 52 52 
1491908166162 51 52 
1491908166178 51 52 
1491908166201 52 51 
1491908166222 51 50 
1491908166238 50 52 
1491908166260 52 52 
1491908166281 52 52 
1491908166287 51 51 
1491908166318 51 50 
1491908166340 51 50 
1491908166361 50 52 
1491908166377 51 51 
1491908166400 51 51 
1491908166421 52 51 
1491908166442 52 51 
1491908166458 51 52 
1491908166481 51 52 
1491908166502 50 50 
1491908166518 52 51 
1491908166541 51 51 
1491908166562 52 51 
1491908166583 53 53 
1491908166599 51 53 
1491908166621 52 51 
1491908166642 51 51 
1491908166658 52 51 
1491908166681 51 52 
1491908166702 52 52 
1491908166723 52 54 
1491908166739 52 52 
1491908166761 51 51 
1491908166781 52 50 
1491908166797 50 51 
1491908166820 52 52 
1491908166841 52 52 
1491908166862 53 52 
1491908166878 53 51 
1491908166900 52 52 
1491908166921 52 53 
1491908166937 51 53 
1491908166960 51 51 
1491908166981 52 52 
1491908167002 53 52 
1491908167018 53 53 
1491908167041 52 52 
1491908167062 53 52 
1491908167078 51 52 
1491908167100 54 51 
1491908167121 51 52 
1491908167142 53 52 
1491908167147 51 53 
1491908167201 97 104 
1491908167222 51 50 
1491908167238 54 54 
1491908167261 54 55 
1491908167282 53 53 
1491908167303 51 50 
1491908167319 52 47 
1491908167341 52 50 
1491908167361 51 52 
1491908167378 53 52 
1491908167400 53 53 
1491908167421 53 53 
1491908167458 105 105 
1491908167501 106 102 
1491908167507 52 53 
1491908167538 53 51 
1491908167560 53 52 
1491908167581 54 53 
1491908167602 54 52 
1491908167618 54 51 
1491908167641 51 51 
1491908167662 50 50 
1491908167678 51 51 
1491908167700 50 52 
1491908167721 52 52 
1491908167742 49 51 
1491908167758 46 45 
1491908167781 48 48 
1491908167802 53 53 
1491908167818 56 56 
1491908167841 56 55 
1491908167862 54 52 
1491908167883 53 53 
1491908167899 55 56 
1491908167920 55 55 
1491908167941 55 54 
1491908167957 52 51 
1491908167980 52 53 
1491908168001 53 53 
1491908168022 51 56 
1491908168038 51 51 
1491908168060 52 50 
1491908168081 52 52 
1491908168087 51 52 
1491908168118 52 53 
1491908168140 52 52 
1491908168161 53 54 
1491908168182 53 52 
1491908168198 52 54 
1491908168221 53 53 
1491908168242 52 52 
1491908168258 54 54 
1491908168281 53 54 
1491908168302 53 52 
1491908168323 53 52 
1491908168339 52 55 
1491908168361 53 53 
1491908168381 51 51 
1491908168397 53 52 
1491908168420 52 52 
1491908168441 52 54 
1491908168462 53 54 
1491908168478 53 52 
1491908168500 53 54 
1491908168521 53 53 
1491908168527 52 52 
1491908168558 53 54 
1491908168580 53 53 
1491908168601 54 53 
1491908168622 52 52 
1491908168638 53 53 
1491908168661 54 53 
1491908168682 51 54 
1491908168698 54 53 
1491908168721 53 53 
1491908168742 53 54 
1491908168758 54 53 
1491908168781 52 54 
1491908168802 54 53 
1491908168817 54 54 
1491908168840 54 52 
1491908168861 53 53 
1491908168877 54 55 
1491908168900 53 55 
1491908168921 53 54 
1491908168927 54 53 
1491908168958 52 52 
1491908168980 54 54 
1491908169001 54 53 
1491908169006 54 55 
1491908169038 55 55 
1491908169060 55 54 
1491908169081 54 54 
1491908169102 53 53 
1491908169118 53 54 
1491908169140 54 55 
1491908169161 53 54 
1491908169182 54 53 
1491908169198 54 53 
1491908169221 54 55 
1491908169242 54 54 
1491908169258 54 52 
1491908169281 54 52 
1491908169301 54 55 
1491908169322 54 55 
1491908169338 54 53 
1491908169360 54 54 
1491908169381 54 55 
1491908169397 53 54 
1491908169420 54 54 
1491908169441 53 52 
1491908169457 55 55 
1491908169480 54 56 
1491908169501 54 53 
1491908169522 54 54 
1491908169538 54 53 
1491908169560 52 53 
1491908169581 53 53 
1491908169602 55 53 
1491908169607 56 56 
1491908169639 54 56 
1491908169661 55 55 
1491908169682 55 54 
1491908169698 53 53 
1491908169721 53 54 
1491908169742 54 54 
1491908169763 56 55 
1491908169778 56 55 
1491908169802 55 54 
1491908169822 54 55 
1491908169837 53 54 
1491908169860 54 54 
1491908169881 54 54 
1491908169902 55 54 
1491908169918 54 55 
1491908169940 55 55 
1491908169961 54 54 
1491908169977 54 54 
1491908170000 55 54 
1491908170021 55 54 
1491908170026 53 55 
1491908170081 110 110 
1491908170102 56 55 
1491908170118 53 54 
1491908170141 54 55 
1491908170162 54 55 
1491908170178 55 54 
1491908170201 56 55 
1491908170222 55 53 
1491908170238 55 55 
1491908170260 54 55 
1491908170281 54 54 
1491908170297 53 53 
1491908170320 55 53 
1491908170341 55 55 
1491908170357 54 55 
1491908170380 54 56 
1491908170401 55 53 
1491908170417 54 55 
1491908170440 55 54 
1491908170461 54 56 
1491908170482 55 55 
1491908170498 55 54 
1491908170521 54 54 
1491908170542 54 54 
1491908170558 55 54 
1491908170580 55 55 
1491908170601 54 55 
1491908170622 55 54 
1491908170643 55 55 
1491908170659 54 56 
1491908170681 55 56 
1491908170702 52 55 
1491908170718 56 54 
1491908170740 55 52 
1491908170761 58 55 
1491908170782 58 58 
1491908170798 57 56 
1491908170820 56 54 
1491908170841 55 54 
1491908170857 55 54 
1491908170880 55 56 
1491908170901 55 55 
1491908170922 56 56 
1491908170938 55 53 
1491908170960 53 54 
1491908170981 54 54 
1491908171002 54 52 
1491908171018 56 54 
1491908171040 55 55 
1491908171061 55 55 
1491908171082 55 54 
1491908171098 55 56 
1491908171121 55 56 
1491908171142 54 55 
1491908171158 54 54 
1491908171202 110 110 
1491908171239 109 110 
1491908171281 111 106 
1491908171297 56 57 
1491908171320 57 57 
1491908171341 58 56 
1491908171362 57 56 
1491908171378 55 55 
1491908171400 51 56 
1491908171421 52 52 
1491908171426 53 50 
1491908171458 53 54 
1491908171480 52 55 
1491908171501 57 56 
1491908171522 55 56 
1491908171538 56 55 
1491908171561 54 55 
1491908171582 55 54 
1491908171598 56 55 
1491908171621 55 56 
1491908171641 56 57 
1491908171657 56 56 
1491908171680 55 54 
1491908171701 54 55 
1491908171717 55 56 
1491908171740 55 55 
1491908171761 55 55 
1491908171782 55 54 
1491908171798 55 56 
1491908171820 56 55 
1491908171841 56 55 
1491908171857 55 55 
1491908171880 55 55 
1491908171901 55 56 
1491908171906 54 55 
1491908171938 56 55 
1491908171960 55 56 
1491908171981 56 55 
1491908172002 55 54 
1491908172018 54 55 
1491908172040 54 55 
1491908172061 56 55 
1491908172082 57 55 
1491908172098 55 55 
1491908172121 56 56 
1491908172142 55 57 
1491908172158 55 55 
1491908172180 55 55 
1491908172201 56 54 
1491908172222 55 55 
1491908172238 55 56 
1491908172260 55 55 
1491908172281 56 54 
1491908172297 54 55 
1491908172320 56 54 
1491908172341 54 56 
1491908172362 56 57 
1491908172378 55 55 
1491908172400 55 54 
1491908172421 57 55 
1491908172442 56 55 
1491908172458 54 57 
1491908172480 54 54 
1491908172501 54 55 
1491908172522 55 55 
1491908172538 55 54 
1491908172561 55 55 
1491908172582 57 56 
1491908172598 56 57 
1491908172620 56 55 
1491908172641 57 56 
1491908172662 58 57 
1491908172678 55 57 
1491908172721 109 110 
1491908172737 55 56 
1491908172760 55 56 
1491908172781 55 57 
1491908172802 56 56 
1491908172818 57 55 
1491908172840 55 55 
1491908172861 55 56 
1491908172882 54 56 
1491908172898 57 56 
1491908172920 56 55 
1491908172941 55 56 
1491908172962 55 56 
1491908172978 57 56 
1491908173001 56 56 
1491908173022 54 54 
1491908173038 55 55 
1491908173061 56 56 
1491908173082 56 57 
1491908173102 57 56 
1491908173118 55 57 
1491908173140 57 55 
1491908173161 55 56 
1491908173177 56 56 
1491908173200 55 54 
1491908173221 56 57 
1491908173242 56 56 
1491908173258 55 55 
1491908173280 56 56 
1491908173301 56 55 
1491908173322 55 55 
1491908173338 55 55 
1491908173360 56 56 
1491908173381 56 57 
1491908173402 57 57 
1491908173418 56 57 
1491908173441 55 56 
1491908173462 55 55 
1491908173478 56 55 
1491908173501 56 56 
1491908173522 57 56 
1491908173538 56 56 
1491908173561 56 56 
1491908173581 56 56 
1491908173598 55 56 
1491908173620 56 55 
1491908173641 56 56 
1491908173657 55 56 
1491908173680 57 57 
1491908173701 56 56 
1491908173707 57 56 
1491908173738 55 56 
1491908173760 56 56 
1491908173781 55 56 
1491908173787 57 57 
1491908173818 57 57 
1491908173840 57 55 
1491908173861 55 57 
1491908173882 56 56 
1491908173898 55 55 
1491908173921 57 56 
1491908173942 56 56 
1491908173963 57 55 
1491908173979 55 57 
1491908174001 57 57 
1491908174022 56 56 
1491908174038 55 54 
1491908174060 57 56 
1491908174081 55 57 
1491908174102 57 58 
1491908174118 55 56 
1491908174140 56 56 
1491908174161 56 54 
1491908174177 56 56 
1491908174200 58 57 
1491908174221 57 57 
1491908174242 56 57 
1491908174258 58 56 
1491908174281 56 57 
1491908174302 55 55 
1491908174318 54 53 
1491908174341 55 55 
1491908174362 56 55 
1491908174378 55 55 
1491908174401 56 57 
1491908174422 55 56 
1491908174438 57 56 
1491908174461 56 55 
1491908174482 56 57 
1491908174497 57 57 
1491908174520 56 58 
1491908174541 58 56 
1491908174547 56 55 
1491908174578 55 55 
1491908174600 56 57 
1491908174621 56 55 
1491908174627 56 56 
1491908174658 56 56 
1491908174681 57 58 
1491908174702 56 57 
1491908174718 56 56 
1491908174741 55 56 
1491908174762 55 54 
1491908174778 56 55 
1491908174801 54 54 
1491908174822 56 55 
1491908174838 53 53 
1491908174861 53 53 
1491908174882 52 50 
1491908174898 50 51 
1491908174921 51 51 
1491908174942 49 50 
1491908174958 48 48 
1491908174980 47 48 
1491908175001 48 47 
1491908175022 46 47 
1491908175038 46 45 
1491908175060 45 45 
1491908175081 46 45 
1491908175087 44 45 
1491908175118 43 44 
1491908175141 42 42 
1491908175162 42 42 
1491908175178 42 41 
1491908175200 41 41 
1491908175221 42 41 
1491908175242 40 41 
1491908175263 42 41 
1491908175279 39 39 
1491908175301 38 38 
1491908175322 36 37 
1491908175338 36 36 
1491908175361 37 35 
1491908175382 37 37 
1491908175403 36 37 
1491908175419 35 35 
1491908175440 35 35 
1491908175461 34 34 
1491908175477 33 33 
1491908175500 34 35 
1491908175521 34 32 
1491908175537 33 33 
1491908175560 33 33 
1491908175581 31 32 
1491908175602 30 31 
1491908175618 30 30 
1491908175640 31 30 
1491908175661 28 29 
1491908175682 30 30 
1491908175687 30 30 
1491908175719 30 29 
1491908175741 28 27 
1491908175762 29 29 
1491908175778 27 29 
1491908175801 26 26 
1491908175822 27 26 
1491908175843 28 27 
1491908175859 25 27 
1491908175881 24 25 
1491908175902 25 24 
1491908175917 27 26 
1491908175940 24 25 
1491908175961 22 23 
1491908175982 24 23 
1491908175998 26 24 
1491908176020 23 24 
1491908176041 22 24 
1491908176047 22 22 
1491908176078 22 19 
1491908176100 22 21 
1491908176121 22 24 
1491908176142 20 23 
1491908176158 20 19 
1491908176181 21 19 
1491908176202 20 21 
1491908176218 21 21 
1491908176241 20 20 
1491908176262 18 19 
1491908176283 18 18 
1491908176299 18 18 
1491908176321 20 20 
1491908176342 20 20 
1491908176358 17 18 
1491908176381 16 16 
1491908176402 16 16 
1491908176422 17 18 
1491908176438 18 18 
1491908176460 19 18 
1491908176481 15 15 
1491908176497 13 13 
1491908176520 14 16 
1491908176541 16 15 
1491908176562 18 17 
1491908176578 18 17 
1491908176601 16 16 
1491908176622 13 13 
1491908176638 12 13 
1491908176661 13 14 
1491908176682 14 14 
1491908176698 16 17 
1491908176721 16 16 
1491908176742 15 13 
1491908176758 13 12 
1491908176781 10 12 
1491908176802 11 11 
1491908176818 13 13 
1491908176841 14 14 
1491908176862 13 14 
1491908176867 13 13 
1491908176898 12 11 
1491908176920 11 11 
1491908176941 11 10 
1491908176947 10 11 
1491908176978 12 12 
1491908177000 12 12 
1491908177021 13 12 
1491908177042 11 11 
1491908177058 12 12 
1491908177080 11 10 
1491908177101 11 11 
1491908177122 12 10 
1491908177143 12 11 
1491908177159 12 11 
1491908177181 12 9 
1491908177202 12 11 
1491908177218 12 10 
1491908177241 10 11 
1491908177262 11 11 
1491908177283 10 10 
1491908177299 10 9 
1491908177320 9 9 
1491908177341 8 7 
1491908177357 9 9 
1491908177380 9 9 
1491908177401 9 9 
1491908177422 9 9 
1491908177438 9 9 
1491908177460 10 10 
1491908177481 10 10 
1491908177502 10 11 
1491908177518 10 9 
1491908177540 8 9 
1491908177561 9 8 
1491908177582 10 9 
1491908177598 8 9 
ROTATE: 1.57080
1491908177621 -2 -3 
1491908177642 -1 0 
1491908177658 0 0 
1491908177681 1 0 
1491908177702 0 0 
1491908177723 0 0 
1491908177739 2 -3 
1491908177761 2 -2 
1491908177782 1 -4 
1491908177797 1 -3 
1491908177820 2 -6 
1491908177841 4 -4 
1491908177862 5 -6 
1491908177878 6 -7 
1491908177901 9 -9 
1491908177922 11 -9 
1491908177938 12 -10 
1491908177960 14 -12 
1491908177981 14 -13 
1491908178002 14 -18 
1491908178023 15 -16 
1491908178039 17 -18 
1491908178061 17 -19 
1491908178082 18 -17 
1491908178098 18 -17 
1491908178121 17 -20 
1491908178142 17 -20 
1491908178163 17 -18 
1491908178179 16 -18 
1491908178201 17 -17 
1491908178222 19 -17 
1491908178238 19 -18 
1491908178260 18 -18 
1491908178281 16 -20 
1491908178302 18 -20 
1491908178318 18 -17 
1491908178340 19 -17 
1491908178361 18 -19 
1491908178382 17 -19 
1491908178398 17 -19 
1491908178421 17 -18 
1491908178442 18 -18 
1491908178458 19 -18 
1491908178481 19 -18 
1491908178502 17 -18 
1491908178518 17 -19 
1491908178541 18 -18 
1491908178562 20 -17 
1491908178578 18 -18 
1491908178601 19 -19 
1491908178622 17 -19 
1491908178638 17 -20 
1491908178661 19 -17 
1491908178682 18 -18 
1491908178698 19 -19 
1491908178720 19 -19 
1491908178741 18 -20 
1491908178762 18 -19 
1491908178778 19 -18 
1491908178800 19 -18 
1491908178821 19 -19 
1491908178842 18 -20 
1491908178858 18 -19 
1491908178881 19 -19 
1491908178902 20 -17 
1491908178918 19 -18 
1491908178941 18 -17 
1491908178962 18 -20 
1491908178978 17 -20 
1491908179001 20 -19 
1491908179022 20 -18 
1491908179038 20 -19 
1491908179061 19 -19 
1491908179082 18 -21 
1491908179098 18 -20 
1491908179121 18 -19 
1491908179142 19 -17 
1491908179158 20 -18 
1491908179181 20 -20 
1491908179202 18 -21 
1491908179222 18 -20 
1491908179238 21 -19 
1491908179260 20 -19 
1491908179281 20 -18 
1491908179287 18 -20 
1491908179318 19 -21 
1491908179341 19 -21 
1491908179362 20 -18 
1491908179378 20 -18 
1491908179400 19 -20 
1491908179421 19 -20 
1491908179442 19 -21 
1491908179463 20 -19 
1491908179479 19 -18 
1491908179501 19 -18 
1491908179522 17 -18 
1491908179538 17 -18 
1491908179561 15 -17 
1491908179582 16 -15 
1491908179603 17 -15 
1491908179618 16 -14 
1491908179640 14 -15 
1491908179677 26 -31 
1491908179700 14 -14 
1491908179721 15 -12 
1491908179727 14 -11 
1491908179758 14 -12 
1491908179781 12 -13 
1491908179802 11 -14 
1491908179818 11 -13 
1491908179840 11 -11 
1491908179861 13 -11 
1491908179882 12 -10 
1491908179903 10 -9 
1491908179941 17 -19 
1491908179962 7 -9 
1491908179978 8 -10 
1491908180001 8 -8 
1491908180022 9 -9 
1491908180043 9 -10 
1491908180059 10 -8 
1491908180080 9 -9 
1491908180101 9 -8 
1491908180117 9 -7 
1491908180140 7 -7 
1491908180161 7 -7 
1491908180182 6 -7 
1491908180198 6 -5 
1491908180220 6 -8 
1491908180241 7 -7 
1491908180262 7 -6 
1491908180278 7 -6 
1491908180300 8 -7 
1491908180321 8 -7 
1491908180342 8 -7 
1491908180358 6 -5 
1491908180381 7 -7 
1491908180402 7 -7 
1491908180418 6 -6 
1491908180441 5 -5 
1491908180462 7 -6 
1491908180483 6 -6 
1491908180499 7 -6 
1491908180521 6 -6 
1491908180542 8 -7 
1491908180558 8 -7 
1491908180580 9 -8 
1491908180601 8 -6 
1491908180622 8 -8 
1491908180638 7 -7 
1491908180660 8 -8 
1491908180681 7 -7 
1491908180702 7 -7 
1491908180718 7 -7 
1491908180740 8 -7 
1491908180782 13 -13 
1491908180798 6 -6 
1491908180821 7 -6 
1491908180842 6 -6 
1491908180858 6 -7 
1491908180881 8 -6 
1491908180902 8 -7 
1491908180923 9 -7 
1491908180939 8 -8 
1491908180961 8 -8 
1491908180982 8 -7 
1491908180998 7 -7 
1491908181020 6 -8 
1491908181041 7 -7 
1491908181062 7 -5 
1491908181078 5 -6 
1491908181100 6 -6 
1491908181121 7 -6 
1491908181137 7 -4 
1491908181160 8 -5 
STOP
1491908181202 18 -15 
1491908181218 7 -6 
STRAIGHT: 3.00000
1491908181241 3 -3 
1491908181262 -1 2 
1491908181278 0 -2 
1491908181300 1 -1 
1491908181321 0 0 
1491908181342 0 0 
1491908181358 0 1 
1491908181381 1 0 
1491908181402 3 1 
1491908181418 2 2 
1491908181441 4 4 
1491908181462 4 5 
1491908181478 6 5 
1491908181500 6 7 
1491908181521 8 8 
1491908181537 9 10 
1491908181560 12 10 
1491908181581 12 12 
1491908181597 12 12 
1491908181620 14 14 
1491908181641 13 14 
1491908181662 14 16 
1491908181678 15 16 
1491908181700 19 18 
1491908181721 20 19 
1491908181742 21 21 
1491908181758 19 21 
1491908181781 20 21 
1491908181802 22 22 
1491908181818 25 26 
1491908181841 27 27 
1491908181862 27 27 
1491908181878 24 26 
1491908181901 27 26 
1491908181922 29 27 
1491908181938 30 33 
1491908181961 31 32 
1491908181982 34 34 
1491908181998 35 32 
1491908182020 33 36 
1491908182041 33 35 
1491908182057 37 37 
1491908182080 39 38 
1491908182101 39 39 
1491908182122 40 42 
1491908182138 41 41 
1491908182160 44 42 
1491908182181 43 43 
1491908182218 90 91 
1491908182241 46 47 
1491908182262 47 46 
1491908182278 46 47 
1491908182301 46 46 
1491908182322 44 46 
1491908182338 47 48 
1491908182361 47 48 
1491908182382 48 48 
1491908182398 47 47 
1491908182420 48 47 
1491908182441 46 48 
1491908182457 45 48 
1491908182480 47 47 
1491908182501 48 46 
1491908182522 47 46 
1491908182538 47 47 
1491908182560 47 48 
1491908182581 46 46 
1491908182597 46 47 
1491908182620 46 46 
1491908182641 47 47 
1491908182662 49 48 
1491908182678 48 48 
1491908182701 48 49 
1491908182722 47 48 
1491908182738 47 46 
1491908182760 48 47 
1491908182781 47 48 
1491908182802 48 48 
1491908182818 47 48 
1491908182841 47 48 
1491908182861 48 47 
1491908182878 46 46 
1491908182900 46 47 
1491908182921 47 48 
1491908182942 50 50 
1491908182958 47 48 
1491908182980 48 47 
1491908183001 48 48 
1491908183017 48 48 
1491908183040 48 47 
1491908183061 47 48 
1491908183082 48 48 
1491908183098 47 47 
1491908183120 50 48 
1491908183141 49 49 
1491908183146 47 48 
1491908183178 48 50 
1491908183200 49 49 
1491908183221 49 49 
1491908183242 49 48 
1491908183258 50 48 
1491908183281 49 50 
1491908183302 49 48 
1491908183318 48 48 
1491908183341 49 49 
1491908183361 48 48 
1491908183382 48 48 
1491908183398 47 49 
1491908183420 49 49 
1491908183441 49 49 
1491908183457 49 49 
1491908183480 50 49 
1491908183501 48 48 
1491908183522 49 49 
1491908183538 49 48 
1491908183560 50 51 
1491908183581 50 48 
1491908183597 49 49 
1491908183620 50 49 
1491908183641 49 50 
1491908183646 49 48 
1491908183678 49 50 
1491908183701 50 50 
1491908183722 49 49 
1491908183738 49 47 
1491908183760 49 50 
1491908183781 49 48 
1491908183802 49 49 
1491908183823 50 49 
1491908183839 49 49 
1491908183860 48 49 
1491908183881 49 50 
1491908183897 48 50 
1491908183920 50 49 
1491908183941 49 49 
1491908183962 51 51 
1491908183978 49 50 
1491908184000 50 48 
1491908184021 49 50 
1491908184037 49 48 
1491908184060 50 49 
1491908184081 49 49 
1491908184102 49 50 
1491908184118 50 49 
1491908184140 50 49 
1491908184161 50 50 
1491908184166 52 49 
1491908184198 50 52 
1491908184220 48 49 
1491908184241 47 50 
1491908184262 49 48 
1491908184278 49 48 
1491908184301 52 51 
1491908184322 49 51 
1491908184338 50 51 
1491908184360 51 49 
1491908184381 51 51 
1491908184402 50 50 
1491908184418 51 51 
1491908184440 49 50 
1491908184461 50 49 
1491908184477 49 51 
1491908184500 51 51 
1491908184521 50 49 
1491908184542 51 50 
1491908184558 49 50 
1491908184580 50 51 
1491908184601 52 51 
1491908184617 50 50 
1491908184640 51 49 
1491908184661 51 51 
1491908184682 50 53 
1491908184698 50 49 
1491908184720 49 50 
1491908184741 52 50 
1491908184762 51 51 
1491908184778 51 51 
1491908184800 50 51 
1491908184821 50 49 
1491908184841 50 51 
1491908184857 52 50 
1491908184880 50 50 
1491908184901 50 51 
1491908184917 51 53 
1491908184940 50 50 
1491908184961 50 50 
1491908184982 51 50 
1491908184998 50 51 
1491908185020 52 52 
1491908185041 51 51 
1491908185057 50 50 
1491908185080 51 51 
1491908185101 52 51 
1491908185122 51 52 
1491908185138 50 50 
1491908185160 52 52 
1491908185181 51 50 
1491908185186 52 51 
1491908185218 51 51 
1491908185261 102 103 
1491908185282 50 51 
1491908185297 50 50 
1491908185320 52 51 
1491908185341 51 51 
1491908185357 52 52 
1491908185380 51 52 
1491908185401 52 51 
1491908185422 52 52 
1491908185438 51 52 
1491908185460 51 51 
1491908185481 50 52 
1491908185497 52 52 
1491908185520 52 51 
1491908185541 52 52 
1491908185562 52 52 
1491908185578 52 51 
1491908185600 52 53 
1491908185621 53 52 
1491908185637 50 51 
1491908185660 52 51 
1491908185681 51 51 
1491908185702 53 52 
1491908185718 50 52 
1491908185740 52 52 
1491908185761 51 51 
1491908185782 52 52 
1491908185797 53 52 
1491908185819 52 52 
1491908185840 52 51 
1491908185861 52 51 
1491908185877 52 51 
1491908185900 51 53 
1491908185921 52 53 
1491908185937 52 52 
1491908185960 52 51 
1491908185981 53 52 
1491908186002 52 54 
1491908186018 52 52 
1491908186061 103 103 
1491908186077 52 51 
1491908186100 52 53 
1491908186121 52 51 
1491908186142 52 53 
1491908186158 52 52 
1491908186180 53 53 
1491908186201 53 52 
1491908186217 52 52 
1491908186240 52 53 
1491908186261 52 53 
1491908186282 53 52 
1491908186298 52 51 
1491908186320 53 52 
1491908186341 51 53 
1491908186357 53 52 
1491908186379 54 53 
1491908186400 54 53 
1491908186437 106 107 
1491908186460 50 53 
1491908186481 51 51 
1491908186497 51 51 
1491908186520 54 51 
1491908186541 53 53 
1491908186557 53 53 
1491908186580 54 53 
1491908186601 53 51 
1491908186617 53 53 
1491908186640 51 50 
1491908186661 53 54 
1491908186700 104 106 
1491908186721 53 53 
1491908186742 53 52 
1491908186758 52 52 
1491908186779 52 53 
1491908186800 52 52 
1491908186821 52 51 
1491908186837 54 53 
1491908186860 54 53 
1491908186881 52 53 
1491908186897 52 53 
1491908186920 52 53 
1491908186941 52 51 
1491908186957 53 52 
1491908186980 52 52 
1491908187001 54 54 
1491908187017 53 54 
1491908187040 52 52 
1491908187061 52 52 
1491908187077 52 52 
1491908187100 53 53 
1491908187121 53 53 
1491908187137 52 53 
1491908187160 54 54 
1491908187181 54 52 
1491908187202 52 53 
1491908187218 52 52 
1491908187240 52 52 
1491908187260 53 52 
1491908187266 53 52 
1491908187297 54 55 
1491908187320 53 54 
1491908187341 53 53 
1491908187357 54 53 
1491908187379 53 53 
1491908187400 53 54 
1491908187421 53 53 
1491908187442 53 53 
1491908187458 53 54 
1491908187480 54 54 
1491908187501 52 52 
1491908187517 53 53 
1491908187540 52 53 
1491908187561 53 53 
1491908187582 55 54 
1491908187598 54 54 
1491908187620 54 52 
1491908187641 52 53 
1491908187657 53 53 
1491908187680 52 52 
1491908187701 53 53 
1491908187717 54 54 
1491908187739 54 54 
1491908187760 53 54 
1491908187781 53 53 
1491908187797 55 54 
1491908187840 107 106 
1491908187861 53 54 
1491908187877 54 54 
1491908187900 54 53 
1491908187921 54 53 
1491908187937 53 53 
1491908187960 52 53 
1491908187981 54 54 
1491908187997 53 53 
1491908188020 54 53 
1491908188041 54 54 
1491908188057 53 54 
1491908188080 52 53 
1491908188101 53 53 
1491908188117 54 53 
1491908188140 55 54 
1491908188161 54 54 
1491908188177 53 54 
1491908188200 52 54 
1491908188220 55 53 
1491908188237 53 52 
1491908188259 54 55 
1491908188280 54 54 
1491908188286 54 54 
1491908188317 54 53 
1491908188339 54 54 
1491908188360 54 53 
1491908188381 55 53 
1491908188397 52 52 
1491908188420 55 55 
1491908188441 56 56 
1491908188447 55 53 
1491908188478 52 53 
1491908188500 52 54 
1491908188521 53 53 
1491908188537 53 51 
1491908188560 54 53 
1491908188581 54 52 
1491908188602 55 55 
1491908188618 55 56 
1491908188640 54 55 
1491908188661 55 54 
1491908188677 54 53 
1491908188700 55 55 
1491908188720 53 56 
1491908188741 53 53 
1491908188757 54 53 
1491908188779 54 53 
1491908188800 53 53 
1491908188821 53 54 
1491908188837 53 54 
1491908188859 55 54 
1491908188880 54 53 
1491908188901 55 55 
1491908188917 54 55 
1491908188940 55 55 
1491908188961 53 54 
1491908188977 53 52 
1491908189000 54 54 
1491908189021 54 54 
1491908189042 53 54 
1491908189058 55 54 
1491908189080 53 53 
1491908189101 56 54 
1491908189117 53 54 
1491908189140 54 55 
1491908189160 54 55 
1491908189181 55 54 
1491908189197 53 54 
1491908189219 55 54 
1491908189240 54 55 
1491908189246 54 54 
1491908189277 55 54 
1491908189299 54 54 
1491908189320 55 55 
1491908189341 54 54 
1491908189357 54 54 
1491908189380 55 55 
1491908189401 54 54 
1491908189417 55 54 
1491908189440 54 54 
1491908189461 53 55 
1491908189482 55 56 
1491908189498 55 54 
1491908189520 55 55 
1491908189541 55 54 
1491908189557 53 54 
1491908189580 56 55 
1491908189600 53 54 
1491908189621 55 54 
1491908189637 54 55 
1491908189659 56 55 
1491908189680 53 54 
1491908189686 54 54 
1491908189717 55 54 
1491908189739 54 55 
1491908189760 55 54 
1491908189781 54 56 
1491908189797 55 55 
1491908189820 54 53 
1491908189841 55 54 
1491908189857 53 55 
1491908189880 55 55 
1491908189901 54 55 
1491908189917 56 53 
1491908189940 55 55 
1491908189961 54 55 
1491908189977 54 54 
1491908190000 54 55 
1491908190021 55 54 
1491908190037 55 54 
1491908190059 56 55 
1491908190080 55 55 
1491908190086 54 55 
1491908190117 54 55 
1491908190139 54 54 
1491908190160 55 55 
1491908190176 55 55 
1491908190200 55 56 
1491908190221 55 55 
1491908190237 55 54 
1491908190260 55 55 
1491908190281 54 55 
1491908190297 54 55 
1491908190320 54 54 
1491908190341 57 55 
1491908190357 55 55 
1491908190380 55 55 
1491908190401 54 56 
1491908190417 54 55 
1491908190440 56 55 
1491908190482 111 109 
1491908190498 55 56 
1491908190520 55 55 
1491908190557 109 108 
1491908190579 55 55 
1491908190600 55 55 
1491908190616 55 56 
1491908190639 55 55 
1491908190660 55 54 
1491908190681 56 54 
1491908190697 54 56 
1491908190719 54 54 
1491908190740 55 56 
1491908190761 55 54 
1491908190777 56 55 
1491908190800 55 56 
1491908190821 55 56 
1491908190837 55 56 
1491908190860 55 54 
1491908190881 54 55 
1491908190897 56 55 
1491908190920 55 56 
1491908190941 56 54 
1491908190957 55 55 
1491908190980 55 56 
1491908191001 55 55 
1491908191017 55 55 
1491908191039 54 54 
1491908191060 56 56 
1491908191066 55 56 
1491908191097 57 55 
1491908191119 54 56 
1491908191140 56 55 
1491908191156 57 54 
1491908191179 55 54 
1491908191200 54 55 
1491908191221 55 55 
1491908191237 56 57 
1491908191260 57 57 
1491908191281 57 57 
1491908191297 57 56 
1491908191319 56 55 
1491908191340 54 56 
1491908191361 56 57 
1491908191377 55 54 
1491908191400 55 53 
1491908191421 56 55 
1491908191437 55 57 
1491908191460 54 54 
1491908191481 55 55 
1491908191502 55 55 
1491908191518 55 57 
1491908191540 54 56 
1491908191561 56 55 
1491908191577 55 54 
1491908191599 57 56 
1491908191620 55 56 
1491908191641 57 56 
1491908191657 57 56 
1491908191679 58 58 
1491908191700 57 56 
1491908191721 54 54 
1491908191737 52 54 
1491908191759 55 53 
1491908191780 53 55 
1491908191801 55 55 
1491908191817 56 56 
1491908191840 56 56 
1491908191861 54 56 
1491908191877 56 54 
1491908191900 57 56 
1491908191921 58 56 
1491908191942 56 57 
1491908191958 55 56 
1491908191980 55 55 
1491908192001 55 55 
1491908192016 55 54 
1491908192039 55 56 
1491908192060 55 57 
1491908192081 56 56 
1491908192097 57 55 
1491908192119 56 56 
1491908192140 56 56 
1491908192146 55 56 
1491908192177 55 55 
1491908192199 57 56 
1491908192220 57 57 
1491908192241 56 55 
1491908192257 55 57 
1491908192280 55 55 
1491908192301 56 55 
1491908192317 56 56 
1491908192340 56 55 
1491908192361 56 56 
1491908192382 56 56 
1491908192398 55 55 
1491908192420 56 55 
1491908192441 55 56 
1491908192457 56 56 
1491908192480 56 57 
1491908192501 55 54 
1491908192522 57 56 
1491908192537 55 56 
1491908192559 56 55 
1491908192580 55 56 
1491908192596 56 56 
1491908192619 56 55 
1491908192640 56 55 
1491908192661 56 55 
1491908192677 56 57 
1491908192700 54 56 
1491908192721 56 56 
1491908192737 55 55 
1491908192759 56 57 
1491908192780 54 55 
1491908192801 56 56 
1491908192817 56 55 
1491908192840 56 56 
1491908192861 56 55 
1491908192877 55 56 
1491908192900 55 56 
1491908192921 56 56 
1491908192937 57 55 
1491908192960 57 57 
1491908192980 56 57 
1491908192986 56 56 
1491908193017 56 56 
1491908193039 56 56 
1491908193060 56 56 
1491908193076 55 56 
1491908193099 55 57 
1491908193120 57 56 
1491908193141 57 57 
1491908193157 55 56 
1491908193179 56 56 
1491908193200 56 56 
1491908193221 56 55 
1491908193226 56 57 
1491908193258 57 55 
1491908193280 55 56 
1491908193301 56 57 
1491908193317 55 55 
1491908193340 57 56 
1491908193361 56 56 
1491908193382 57 58 
1491908193398 55 57 
1491908193420 56 55 
1491908193440 57 55 
1491908193456 57 57 
1491908193479 56 56 
1491908193500 56 57 
1491908193516 56 56 
1491908193539 57 56 
1491908193560 56 55 
1491908193581 55 56 
1491908193597 56 55 
1491908193619 56 57 
1491908193640 56 55 
1491908193661 55 56 
1491908193677 55 56 
1491908193700 54 56 
1491908193721 56 55 
1491908193737 58 56 
1491908193760 58 57 
1491908193781 56 57 
1491908193797 57 58 
1491908193820 57 57 
1491908193841 57 56 
1491908193857 56 55 
1491908193880 55 56 
1491908193901 54 54 
1491908193917 53 55 
1491908193940 54 53 
1491908193960 53 52 
1491908193966 52 52 
1491908193997 52 51 
1491908194019 49 50 
1491908194040 48 48 
1491908194046 50 48 
1491908194077 49 50 
1491908194100 47 48 
1491908194121 44 46 
1491908194137 46 45 
1491908194160 45 45 
1491908194181 45 45 
1491908194197 45 46 
1491908194220 43 42 
1491908194241 43 42 
1491908194262 40 41 
1491908194278 39 39 
1491908194300 40 40 
1491908194321 44 42 
1491908194337 42 40 
1491908194360 41 41 
1491908194381 40 39 
1491908194401 40 40 
1491908194417 39 40 
1491908194439 39 37 
1491908194460 36 36 
1491908194466 35 35 
1491908194497 36 36 
1491908194519 35 35 
1491908194540 34 36 
1491908194561 34 34 
1491908194577 32 33 
1491908194600 32 33 
1491908194621 32 31 
1491908194637 32 31 
1491908194660 33 33 
1491908194681 31 31 
1491908194697 31 31 
1491908194720 30 31 
1491908194741 30 30 
1491908194757 30 30 
1491908194780 30 29 
1491908194801 27 29 
1491908194817 28 28 
1491908194839 31 29 
1491908194860 27 28 
1491908194881 26 27 
1491908194897 26 27 
1491908194919 28 25 
1491908194940 26 26 
1491908194961 24 26 
1491908194977 25 26 
1491908195000 27 24 
1491908195021 24 23 
1491908195037 24 26 
1491908195059 23 24 
1491908195080 26 24 
1491908195101 24 21 
1491908195122 21 23 
1491908195138 20 24 
1491908195160 24 22 
1491908195181 23 21 
1491908195197 21 22 
1491908195220 21 23 
1491908195241 20 20 
1491908195262 21 20 
1491908195278 22 20 
1491908195299 20 22 
1491908195320 19 21 
1491908195336 18 17 
1491908195359 19 19 
1491908195380 20 20 
1491908195396 19 20 
1491908195419 18 17 
1491908195440 18 17 
1491908195461 16 17 
1491908195477 18 18 
1491908195499 18 18 
1491908195520 18 17 
1491908195541 17 17 
1491908195546 16 15 
1491908195578 14 15 
1491908195621 34 35 
1491908195660 33 31 
1491908195681 15 14 
1491908195702 13 15 
1491908195718 15 14 
1491908195740 15 16 
1491908195761 16 16 
1491908195777 16 14 
1491908195799 13 13 
1491908195820 12 13 
1491908195841 11 12 
1491908195857 13 13 
1491908195879 14 13 
1491908195900 14 14 
1491908195906 13 14 
1491908195937 13 12 
1491908195959 12 11 
1491908195980 11 11 
1491908196001 12 11 
1491908196017 11 12 
1491908196040 12 12 
1491908196061 12 12 
1491908196077 12 12 
1491908196100 11 11 
1491908196121 12 11 
1491908196142 9 9 
1491908196158 10 11 
1491908196180 10 10 
1491908196201 11 10 
1491908196216 10 11 
1491908196239 10 11 
1491908196260 10 10 
1491908196281 11 10 
1491908196297 11 10 
1491908196319 10 10 
1491908196340 9 10 
1491908196356 10 10 
1491908196379 8 10 
1491908196400 10 9 
1491908196421 10 10 
1491908196437 10 11 
1491908196460 10 10 
1491908196481 10 11 
1491908196497 11 9 
1491908196520 10 11 
1491908196541 11 9 
1491908196557 10 11 
1491908196580 10 9 
1491908196601 9 9 
1491908196617 10 10 
1491908196640 10 9 
ROTATE: 1.57080
1491908196661 2 3 
1491908196677 -2 -3 
1491908196699 0 1 
1491908196720 0 0 
1491908196736 0 0 
1491908196759 0 0 
1491908196780 2 -2 
1491908196796 3 0 
1491908196819 2 -2 
1491908196840 2 -2 
1491908196861 6 -4 
1491908196877 5 -6 
1491908196900 6 -8 
1491908196921 5 -8 
1491908196937 8 -10 
1491908196959 7 -10 
1491908196980 11 -10 
1491908197001 12 -11 
1491908197017 15 -13 
1491908197040 14 -13 
1491908197061 17 -16 
1491908197077 17 -18 
1491908197100 20 -18 
1491908197121 19 -17 
1491908197137 20 -17 
1491908197159 19 -19 
1491908197181 18 -20 
1491908197196 18 -20 
1491908197219 16 -19 
1491908197240 15 -16 
1491908197256 18 -17 
1491908197279 16 -15 
1491908197300 17 -18 
1491908197321 15 -19 
1491908197337 15 -17 
1491908197359 18 -17 
1491908197380 20 -18 
1491908197401 18 -17 
1491908197417 17 -19 
1491908197440 17 -21 
1491908197461 16 -20 
1491908197477 18 -19 
1491908197500 19 -16 
1491908197521 21 -14 
1491908197537 21 -17 
1491908197560 21 -19 
1491908197581 19 -21 
1491908197597 19 -20 
1491908197620 19 -18 
1491908197640 19 -18 
1491908197656 18 -19 
1491908197679 16 -20 
1491908197700 16 -19 
1491908197716 18 -19 
1491908197739 19 -17 
1491908197760 21 -17 
1491908197766 19 -19 
1491908197797 18 -19 
1491908197819 18 -20 
1491908197840 20 -19 
1491908197845 21 -17 
1491908197877 21 -18 
1491908197900 19 -20 
1491908197921 18 -20 
1491908197937 18 -20 
1491908197959 18 -18 
1491908197980 20 -18 
1491908198001 19 -19 
1491908198022 19 -19 
1491908198038 19 -21 
1491908198060 18 -19 
1491908198081 20 -18 
1491908198097 21 -17 
1491908198119 19 -19 
1491908198140 19 -19 
1491908198161 18 -21 
1491908198177 19 -19 
1491908198199 21 -18 
1491908198220 20 -19 
1491908198236 19 -19 
1491908198259 18 -20 
1491908198280 17 -21 
1491908198285 20 -20 
1491908198317 21 -19 
1491908198340 20 -19 
1491908198361 19 -20 
1491908198377 19 -19 
1491908198400 19 -18 
1491908198421 20 -17 
1491908198437 20 -19 
1491908198460 21 -21 
1491908198481 19 -20 
1491908198497 18 -18 
1491908198520 19 -18 
1491908198541 19 -17 
1491908198557 18 -18 
1491908198579 15 -17 
1491908198600 15 -18 
1491908198616 16 -16 
1491908198639 16 -14 
1491908198660 16 -13 
1491908198676 15 -14 
1491908198699 13 -15 
1491908198720 12 -15 
1491908198741 14 -14 
1491908198757 13 -13 
1491908198779 15 -11 
1491908198800 15 -10 
1491908198821 13 -11 
1491908198837 12 -12 
1491908198859 10 -13 
1491908198880 9 -12 
1491908198901 10 -12 
1491908198917 11 -10 
1491908198940 10 -10 
1491908198961 10 -9 
1491908198977 11 -10 
1491908198999 10 -8 
1491908199020 9 -10 
1491908199041 8 -8 
1491908199057 9 -8 
1491908199100 16 -16 
1491908199116 7 -6 
1491908199139 8 -9 
1491908199160 8 -9 
1491908199181 8 -8 
1491908199197 7 -7 
1491908199219 9 -7 
1491908199240 8 -6 
1491908199245 7 -6 
1491908199277 7 -6 
1491908199299 6 -7 
1491908199341 13 -10 
1491908199357 7 -5 
1491908199380 7 -7 
1491908199401 6 -7 
1491908199417 7 -6 
1491908199440 8 -8 
1491908199461 7 -8 
1491908199482 8 -7 
1491908199497 7 -7 
1491908199519 8 -8 
1491908199540 8 -8 
1491908199556 8 -5 
1491908199579 8 -7 
1491908199600 7 -7 
1491908199637 14 -11 
1491908199659 6 -6 
1491908199680 8 -6 
1491908199685 7 -7 
1491908199717 7 -6 
1491908199739 7 -6 
1491908199760 8 -9 
1491908199781 9 -8 
1491908199797 7 -6 
1491908199820 7 -8 
1491908199841 9 -9 
1491908199857 7 -6 
1491908199880 7 -6 
1491908199901 7 -7 
1491908199917 7 -8 
1491908199940 6 -5 
1491908199960 6 -6 
1491908199976 7 -6 
1491908199999 7 -7 
1491908200020 7 -7 
1491908200036 7 -6 
1491908200059 8 -9 
1491908200080 9 -8 
1491908200096 8 -8 
1491908200119 8 -7 
1491908200140 8 -8 
1491908200156 9 -8 
1491908200179 9 -7 
1491908200200 7 -7 
STOP
1491908200221 8 -8 
1491908200237 7 -6 
1491908200260 -1 0 
