1491907523381 0 0 
1491907523438 0 0 
1491907523454 0 0 
1491907523477 0 0 
1491907523498 0 0 
1491907523514 0 0 
1491907523537 0 0 
1491907523558 0 0 
1491907523574 0 0 
1491907523596 0 0 
1491907523617 0 0 
1491907523633 0 0 
1491907523656 0 0 
1491907523677 0 0 
1491907523698 0 0 
1491907523714 0 0 
1491907523736 0 0 
1491907523757 0 0 
1491907523773 0 0 
1491907523796 0 0 
1491907523817 0 0 
1491907523838 0 0 
1491907523854 0 0 
1491907523877 0 0 
1491907523898 0 0 
1491907523914 0 0 
1491907523936 0 0 
1491907523957 0 0 
1491907523978 0 0 
1491907523994 0 0 
1491907524017 0 0 
1491907524038 0 0 
1491907524054 0 0 
1491907524076 0 0 
1491907524097 0 0 
1491907524118 0 0 
1491907524134 0 0 
1491907524156 0 0 
1491907524177 0 0 
1491907524193 0 0 
1491907524216 0 0 
1491907524237 0 0 
1491907524258 0 0 
1491907524274 0 0 
1491907524297 0 0 
1491907524318 0 0 
1491907524334 0 0 
1491907524356 0 0 
1491907524377 0 0 
STRAIGHT: 3.00000
1491907524398 0 0 
1491907524403 0 0 
1491907524435 0 0 
1491907524457 0 0 
1491907524478 0 0 
1491907524494 0 0 
1491907524517 0 0 
1491907524538 0 0 
1491907524558 1 0 
1491907524574 5 6 
1491907524596 3 7 
1491907524617 5 6 
1491907524633 5 4 
1491907524656 8 8 
1491907524677 7 8 
1491907524698 9 10 
1491907524714 11 11 
1491907524736 13 14 
1491907524757 13 14 
1491907524762 14 14 
1491907524794 14 14 
1491907524816 16 17 
1491907524837 16 17 
1491907524858 19 19 
1491907524874 20 20 
1491907524897 23 22 
1491907524918 20 21 
1491907524934 21 21 
1491907524957 22 22 
1491907524978 26 26 
1491907524999 25 27 
1491907525015 26 27 
1491907525036 28 27 
1491907525058 28 29 
1491907525074 32 30 
1491907525096 32 31 
1491907525117 33 35 
1491907525138 34 34 
1491907525154 35 33 
1491907525176 34 34 
1491907525197 37 39 
1491907525213 37 37 
1491907525236 39 38 
1491907525257 39 40 
1491907525278 42 42 
1491907525294 42 42 
1491907525316 42 43 
1491907525337 44 44 
1491907525358 44 46 
1491907525374 46 46 
1491907525396 48 46 
1491907525417 46 48 
1491907525438 48 46 
1491907525454 45 48 
1491907525477 46 46 
1491907525498 47 47 
1491907525514 46 46 
1491907525537 46 46 
1491907525558 47 48 
1491907525574 49 48 
1491907525597 47 47 
1491907525618 49 48 
1491907525634 49 47 
1491907525657 48 48 
1491907525678 47 47 
1491907525694 46 48 
1491907525717 47 48 
1491907525737 47 47 
1491907525753 47 48 
1491907525776 47 46 
1491907525797 47 48 
1491907525813 46 46 
1491907525836 47 46 
1491907525857 49 49 
1491907525878 50 50 
1491907525894 47 47 
1491907525916 46 45 
1491907525937 46 45 
1491907525953 46 48 
1491907525976 48 47 
1491907525997 48 49 
1491907526018 49 48 
1491907526034 48 47 
1491907526057 49 49 
1491907526078 48 48 
1491907526094 49 49 
1491907526117 48 48 
1491907526138 50 49 
1491907526154 50 48 
1491907526177 48 50 
1491907526198 48 49 
1491907526214 47 48 
1491907526237 48 48 
1491907526257 48 48 
1491907526273 47 48 
1491907526296 49 49 
1491907526317 49 49 
1491907526323 49 49 
1491907526354 48 47 
1491907526376 49 48 
1491907526397 48 47 
1491907526403 49 49 
1491907526434 49 49 
1491907526456 48 49 
1491907526477 47 48 
1491907526498 45 44 
1491907526514 49 48 
1491907526536 51 51 
1491907526557 51 52 
1491907526578 52 49 
1491907526594 49 48 
1491907526617 49 50 
1491907526638 50 50 
1491907526654 48 50 
1491907526677 47 48 
1491907526698 50 49 
1491907526719 50 49 
1491907526735 48 50 
1491907526757 48 48 
1491907526777 50 48 
1491907526793 48 49 
1491907526816 51 51 
1491907526837 49 49 
1491907526853 48 48 
1491907526876 49 49 
1491907526897 49 50 
1491907526918 49 50 
1491907526934 49 49 
1491907526956 50 49 
1491907526977 49 48 
1491907526998 50 49 
1491907527003 51 52 
1491907527035 50 50 
1491907527057 50 49 
1491907527078 49 49 
1491907527094 49 49 
1491907527117 49 50 
1491907527138 50 50 
1491907527159 50 50 
1491907527175 50 49 
1491907527197 50 50 
1491907527218 50 50 
1491907527234 49 49 
1491907527256 50 50 
1491907527277 51 50 
1491907527298 50 51 
1491907527314 50 50 
1491907527336 50 50 
1491907527357 49 50 
1491907527363 49 50 
1491907527394 51 49 
1491907527416 50 49 
1491907527437 51 50 
1491907527458 49 50 
1491907527474 51 50 
1491907527497 50 51 
1491907527518 50 49 
1491907527534 49 51 
1491907527557 51 50 
1491907527578 50 50 
1491907527599 50 51 
1491907527615 51 51 
1491907527637 51 50 
1491907527674 100 101 
1491907527697 49 50 
1491907527717 49 51 
1491907527738 49 49 
1491907527754 49 48 
1491907527776 52 50 
1491907527797 54 53 
1491907527803 53 52 
1491907527834 49 51 
1491907527856 49 48 
1491907527877 48 47 
1491907527898 49 49 
1491907527914 50 50 
1491907527937 51 52 
1491907527958 51 52 
1491907527974 52 50 
1491907527997 52 50 
1491907528018 50 51 
1491907528034 52 51 
1491907528057 52 52 
1491907528078 52 52 
1491907528094 50 50 
1491907528117 51 51 
1491907528138 50 51 
1491907528153 51 52 
1491907528176 50 51 
1491907528197 51 51 
1491907528203 51 50 
1491907528234 51 50 
1491907528256 50 51 
1491907528277 52 52 
1491907528298 50 52 
1491907528314 52 50 
1491907528337 49 49 
1491907528358 44 44 
1491907528374 46 47 
1491907528396 51 49 
1491907528438 108 107 
1491907528459 53 52 
1491907528475 52 51 
1491907528497 53 53 
1491907528518 54 54 
1491907528534 53 52 
1491907528557 51 50 
1491907528578 52 51 
1491907528598 53 53 
1491907528614 53 53 
1491907528636 52 52 
1491907528657 52 51 
1491907528673 51 50 
1491907528696 52 52 
1491907528717 52 54 
1491907528723 52 52 
1491907528754 52 51 
1491907528776 49 51 
1491907528797 49 49 
1491907528818 50 48 
1491907528834 51 51 
1491907528856 51 51 
1491907528877 50 52 
1491907528914 104 103 
1491907528937 52 53 
1491907528958 52 52 
1491907528974 52 52 
1491907528997 54 51 
1491907529018 51 52 
1491907529039 52 53 
1491907529055 51 53 
1491907529076 52 52 
1491907529097 52 52 
1491907529113 50 51 
1491907529136 51 52 
1491907529157 51 52 
1491907529178 52 52 
1491907529194 53 52 
1491907529216 53 52 
1491907529237 51 52 
1491907529258 51 51 
1491907529274 52 53 
1491907529296 52 51 
1491907529317 52 52 
1491907529338 54 53 
1491907529354 52 52 
1491907529377 50 53 
1491907529398 52 52 
1491907529414 52 51 
1491907529437 52 52 
1491907529458 53 53 
1491907529479 53 53 
1491907529495 52 52 
1491907529516 52 52 
1491907529537 51 52 
1491907529553 51 51 
1491907529576 54 52 
1491907529597 53 51 
1491907529618 53 53 
1491907529634 54 54 
1491907529656 54 51 
1491907529677 51 52 
1491907529698 51 52 
1491907529714 50 53 
1491907529736 51 50 
1491907529757 52 52 
1491907529778 52 51 
1491907529794 52 52 
1491907529817 53 53 
1491907529838 51 52 
1491907529854 53 52 
1491907529877 53 52 
1491907529898 51 53 
1491907529919 53 53 
1491907529935 52 53 
1491907529957 52 52 
1491907529978 52 52 
1491907529993 52 51 
1491907530016 52 53 
1491907530037 54 53 
1491907530058 53 55 
1491907530074 52 51 
1491907530096 52 51 
1491907530117 51 52 
1491907530133 53 54 
1491907530156 53 54 
1491907530177 53 52 
1491907530198 55 53 
1491907530214 54 54 
1491907530237 51 53 
1491907530258 51 52 
1491907530274 52 50 
1491907530297 51 50 
1491907530318 53 53 
1491907530339 52 52 
1491907530355 54 53 
1491907530377 52 53 
1491907530398 53 52 
1491907530414 51 52 
1491907530437 53 52 
1491907530458 54 54 
1491907530473 53 54 
1491907530496 54 55 
1491907530517 53 52 
1491907530523 51 52 
1491907530554 53 51 
1491907530576 52 52 
1491907530597 53 53 
1491907530603 53 53 
1491907530634 54 54 
1491907530656 52 52 
1491907530677 52 52 
1491907530698 52 52 
1491907530714 53 53 
1491907530736 53 53 
1491907530757 53 52 
1491907530778 53 54 
1491907530794 54 54 
1491907530817 52 54 
1491907530838 54 52 
1491907530854 53 52 
1491907530877 52 53 
1491907530898 52 53 
1491907530919 54 53 
1491907530935 53 53 
1491907530957 54 53 
1491907530978 53 53 
1491907530994 52 52 
1491907531017 54 54 
1491907531037 53 53 
1491907531058 54 54 
1491907531074 52 52 
1491907531096 53 53 
1491907531117 53 54 
1491907531123 54 53 
1491907531154 53 54 
1491907531176 54 52 
1491907531197 53 54 
1491907531218 54 54 
1491907531234 53 55 
1491907531257 54 53 
1491907531278 54 52 
1491907531294 53 53 
1491907531317 53 53 
1491907531338 52 52 
1491907531359 54 54 
1491907531375 52 51 
1491907531397 54 52 
1491907531418 55 56 
1491907531434 55 55 
1491907531457 54 54 
1491907531477 51 51 
1491907531498 51 51 
1491907531514 52 51 
1491907531536 53 54 
1491907531557 54 53 
1491907531578 55 55 
1491907531594 55 54 
1491907531616 54 55 
1491907531637 55 55 
1491907531658 54 54 
1491907531674 55 54 
1491907531697 55 55 
1491907531718 53 54 
1491907531734 53 53 
1491907531757 54 54 
1491907531778 54 54 
1491907531799 55 55 
1491907531815 54 54 
1491907531837 54 54 
1491907531858 54 53 
1491907531874 52 54 
1491907531897 53 53 
1491907531918 55 53 
1491907531939 54 53 
1491907531954 51 51 
1491907531976 48 49 
1491907531997 53 52 
1491907532013 55 55 
1491907532036 59 57 
1491907532057 56 57 
1491907532078 55 54 
1491907532094 56 57 
1491907532116 57 57 
1491907532137 57 55 
1491907532158 55 52 
1491907532174 55 54 
1491907532196 55 56 
1491907532217 56 57 
1491907532238 56 56 
1491907532254 56 55 
1491907532277 55 53 
1491907532298 55 55 
1491907532314 54 56 
1491907532337 53 52 
1491907532358 52 51 
1491907532379 53 54 
1491907532395 54 54 
1491907532417 55 56 
1491907532437 55 55 
1491907532453 53 53 
1491907532476 55 56 
1491907532497 54 56 
1491907532518 56 56 
1491907532534 55 55 
1491907532556 55 56 
1491907532577 55 55 
1491907532598 53 55 
1491907532614 56 53 
1491907532636 55 55 
1491907532678 109 108 
1491907532694 54 54 
1491907532717 54 56 
1491907532738 54 54 
1491907532754 56 55 
1491907532777 54 54 
1491907532798 54 55 
1491907532814 54 56 
1491907532836 55 56 
1491907532857 55 56 
1491907532873 55 53 
1491907532896 55 55 
1491907532917 56 56 
1491907532933 56 56 
1491907532956 55 56 
1491907532977 54 53 
1491907532998 55 53 
1491907533014 54 55 
1491907533036 55 56 
1491907533057 54 54 
1491907533078 56 54 
1491907533083 55 55 
1491907533115 53 56 
1491907533137 55 56 
1491907533158 55 54 
1491907533174 56 54 
1491907533197 56 56 
1491907533218 54 56 
1491907533239 54 53 
1491907533255 55 52 
1491907533277 54 54 
1491907533298 54 54 
1491907533314 54 55 
1491907533336 54 55 
1491907533357 55 56 
1491907533378 55 55 
1491907533394 54 54 
1491907533416 56 55 
1491907533437 54 55 
1491907533443 55 54 
1491907533474 54 55 
1491907533496 56 54 
1491907533517 55 55 
1491907533538 55 56 
1491907533554 54 56 
1491907533577 56 54 
1491907533598 53 53 
1491907533614 54 54 
1491907533637 54 55 
1491907533658 56 55 
1491907533679 54 55 
1491907533695 56 55 
1491907533717 57 55 
1491907533738 55 56 
1491907533754 55 56 
1491907533777 54 55 
1491907533798 54 53 
1491907533819 55 54 
1491907533834 53 54 
1491907533856 55 56 
1491907533877 56 56 
1491907533883 55 55 
1491907533914 55 53 
1491907533936 55 55 
1491907533957 56 57 
1491907533978 56 56 
1491907533994 55 55 
1491907534017 55 54 
1491907534038 55 54 
1491907534054 54 55 
1491907534077 55 56 
1491907534098 55 55 
1491907534119 56 55 
1491907534135 55 55 
1491907534157 55 55 
1491907534178 54 55 
1491907534194 56 55 
1491907534217 55 56 
1491907534238 56 54 
1491907534259 56 56 
1491907534274 55 55 
1491907534296 55 56 
1491907534317 55 55 
1491907534333 54 54 
1491907534356 55 56 
1491907534377 55 55 
1491907534398 56 56 
1491907534414 56 55 
1491907534436 55 56 
1491907534457 55 54 
1491907534478 54 55 
1491907534494 55 55 
1491907534516 56 56 
1491907534558 111 109 
1491907534574 55 55 
1491907534597 56 57 
1491907534618 56 55 
1491907534634 55 56 
1491907534657 56 53 
1491907534678 55 56 
1491907534699 56 57 
1491907534715 55 55 
1491907534736 56 55 
1491907534757 54 56 
1491907534773 55 55 
1491907534796 56 57 
1491907534817 56 57 
1491907534838 57 56 
1491907534854 55 55 
1491907534876 55 55 
1491907534897 55 57 
1491907534918 55 55 
1491907534934 56 55 
1491907534956 55 55 
1491907534977 57 56 
1491907534998 55 57 
1491907535014 57 56 
1491907535037 56 54 
1491907535058 55 55 
1491907535074 55 55 
1491907535097 54 55 
1491907535118 56 56 
1491907535134 56 56 
1491907535157 56 55 
1491907535178 55 56 
1491907535194 54 55 
1491907535216 57 57 
1491907535237 56 56 
1491907535253 56 55 
1491907535276 55 55 
1491907535297 56 57 
1491907535318 56 54 
1491907535334 55 55 
1491907535356 56 55 
1491907535398 111 112 
1491907535403 56 57 
1491907535435 57 57 
1491907535457 56 57 
1491907535478 55 55 
1491907535494 54 54 
1491907535517 55 55 
1491907535538 54 56 
1491907535559 57 54 
1491907535575 56 56 
1491907535597 56 56 
1491907535618 56 57 
1491907535657 112 111 
1491907535677 56 56 
1491907535698 56 56 
1491907535714 56 57 
1491907535736 57 57 
1491907535757 56 56 
1491907535773 54 54 
1491907535796 56 56 
1491907535817 55 56 
1491907535838 57 58 
1491907535854 56 55 
1491907535877 56 55 
1491907535898 56 56 
1491907535914 56 56 
1491907535936 56 57 
1491907535957 56 56 
1491907535978 56 54 
1491907535999 56 57 
1491907536015 56 56 
1491907536037 56 57 
1491907536058 57 56 
1491907536074 55 55 
1491907536097 56 56 
1491907536117 56 56 
1491907536138 56 57 
1491907536154 57 57 
1491907536176 56 55 
1491907536197 55 56 
1491907536213 56 55 
1491907536236 56 56 
1491907536257 56 57 
1491907536278 56 56 
1491907536294 56 55 
1491907536317 56 57 
1491907536338 56 56 
1491907536354 56 56 
1491907536376 57 57 
1491907536397 55 55 
1491907536418 56 56 
1491907536434 57 56 
1491907536457 56 57 
1491907536478 57 57 
1491907536494 56 55 
1491907536517 56 53 
1491907536538 56 49 
1491907536554 55 54 
1491907536577 57 58 
1491907536598 60 59 
1491907536614 58 59 
1491907536636 55 57 
1491907536657 52 54 
1491907536673 53 51 
1491907536696 54 54 
1491907536717 56 56 
1491907536738 56 55 
1491907536754 58 59 
1491907536776 57 57 
1491907536797 57 57 
1491907536818 57 58 
1491907536834 57 58 
1491907536857 59 59 
1491907536878 58 58 
1491907536894 57 57 
1491907536917 56 59 
1491907536938 55 57 
1491907536954 55 55 
1491907536977 57 55 
1491907536998 56 55 
1491907537014 56 56 
1491907537037 53 55 
1491907537058 54 54 
1491907537074 52 53 
1491907537097 53 52 
1491907537118 46 47 
1491907537134 48 48 
1491907537156 49 49 
1491907537177 52 51 
1491907537193 52 52 
1491907537216 50 49 
1491907537237 48 46 
1491907537253 49 49 
1491907537276 48 50 
1491907537297 48 48 
1491907537318 47 45 
1491907537334 45 44 
1491907537357 44 44 
1491907537378 44 45 
1491907537394 44 44 
1491907537416 43 43 
1491907537458 78 81 
1491907537474 38 39 
1491907537497 39 39 
1491907537518 39 38 
1491907537534 39 39 
1491907537557 38 39 
1491907537578 38 38 
1491907537594 38 36 
1491907537616 37 36 
1491907537637 37 37 
1491907537653 35 36 
1491907537676 36 36 
1491907537697 35 34 
1491907537713 35 35 
1491907537736 33 33 
1491907537757 32 33 
1491907537778 31 33 
1491907537794 31 32 
1491907537816 31 30 
1491907537837 32 31 
1491907537858 32 32 
1491907537874 30 31 
1491907537897 29 29 
1491907537918 29 29 
1491907537934 28 29 
1491907537957 28 28 
1491907537978 30 29 
1491907537994 28 28 
1491907538017 28 28 
1491907538038 27 26 
1491907538054 26 27 
1491907538077 25 27 
1491907538097 25 25 
1491907538113 25 25 
1491907538136 25 25 
1491907538157 25 24 
1491907538163 24 24 
1491907538194 24 24 
1491907538216 23 24 
1491907538237 23 23 
1491907538243 23 23 
1491907538274 22 21 
1491907538296 23 22 
1491907538317 21 23 
1491907538338 23 23 
1491907538354 23 22 
1491907538377 21 20 
1491907538398 20 20 
1491907538414 21 21 
1491907538437 21 21 
1491907538458 19 20 
1491907538474 18 18 
1491907538497 19 18 
1491907538518 19 19 
1491907538534 20 19 
1491907538556 18 19 
1491907538577 17 18 
1491907538598 17 15 
1491907538614 18 17 
1491907538636 18 19 
1491907538657 18 19 
1491907538673 18 17 
1491907538696 14 16 
1491907538717 15 14 
1491907538738 16 15 
1491907538754 17 15 
1491907538777 17 18 
1491907538798 16 17 
1491907538814 14 16 
1491907538836 13 13 
1491907538857 13 10 
1491907538878 15 14 
1491907538899 16 16 
1491907538915 16 16 
1491907538937 16 15 
1491907538958 13 14 
1491907538974 11 12 
1491907538997 11 12 
1491907539017 12 11 
1491907539038 14 13 
1491907539054 15 14 
1491907539076 13 14 
1491907539097 13 12 
1491907539113 10 12 
1491907539136 10 10 
1491907539157 10 10 
1491907539178 12 11 
1491907539194 12 12 
1491907539216 12 11 
1491907539237 11 11 
1491907539258 11 11 
1491907539274 11 12 
1491907539296 9 10 
1491907539317 11 10 
1491907539338 10 9 
1491907539354 10 11 
1491907539377 10 10 
1491907539398 10 10 
1491907539414 10 10 
1491907539437 10 10 
1491907539458 10 10 
1491907539479 10 10 
1491907539495 10 10 
1491907539517 9 10 
1491907539537 10 10 
1491907539553 10 10 
1491907539576 10 9 
1491907539597 9 10 
1491907539618 11 10 
1491907539634 10 10 
1491907539656 11 10 
1491907539677 11 11 
1491907539698 10 11 
1491907539714 9 9 
1491907539736 9 11 
1491907539757 11 10 
1491907539778 10 12 
1491907539794 10 11 
1491907539817 11 10 
ROTATE: 1.57080
1491907539838 0 0 
1491907539854 -1 1 
1491907539877 0 0 
1491907539898 0 0 
1491907539914 0 1 
1491907539937 0 0 
1491907539958 4 0 
1491907539974 3 -1 
1491907539996 3 -1 
1491907540017 4 -1 
1491907540033 6 -2 
1491907540056 8 -2 
1491907540077 10 -5 
1491907540098 11 -5 
1491907540114 12 -7 
1491907540136 14 -8 
1491907540157 14 -7 
1491907540178 16 -11 
1491907540194 16 -11 
1491907540217 19 -15 
1491907540238 14 -17 
1491907540276 30 -39 
1491907540297 17 -20 
1491907540318 17 -19 
1491907540339 18 -17 
1491907540355 20 -17 
1491907540377 19 -18 
1491907540398 18 -18 
1491907540414 18 -18 
1491907540436 18 -18 
1491907540457 21 -18 
1491907540478 20 -16 
1491907540494 19 -18 
1491907540516 18 -20 
1491907540537 17 -20 
1491907540553 17 -19 
1491907540576 19 -17 
1491907540597 19 -18 
1491907540618 19 -18 
1491907540634 18 -19 
1491907540657 17 -20 
1491907540678 19 -20 
1491907540694 19 -16 
1491907540716 20 -16 
1491907540737 19 -18 
1491907540758 17 -19 
1491907540779 18 -21 
1491907540795 19 -18 
1491907540817 20 -17 
1491907540838 20 -19 
1491907540854 19 -19 
1491907540876 17 -19 
1491907540897 18 -20 
1491907540918 20 -19 
1491907540934 20 -17 
1491907540956 19 -18 
1491907540977 19 -18 
1491907540993 18 -20 
1491907541016 19 -20 
1491907541037 19 -17 
1491907541058 20 -19 
1491907541074 20 -19 
1491907541097 19 -19 
1491907541118 17 -20 
1491907541134 20 -19 
1491907541156 19 -19 
1491907541177 21 -18 
1491907541198 19 -19 
1491907541214 18 -20 
1491907541237 20 -21 
1491907541258 20 -17 
1491907541274 19 -19 
1491907541296 21 -19 
1491907541317 18 -19 
1491907541333 20 -21 
1491907541356 20 -19 
1491907541377 19 -18 
1491907541398 20 -20 
1491907541414 20 -18 
1491907541436 18 -19 
1491907541457 19 -20 
1491907541463 20 -19 
1491907541494 22 -20 
1491907541517 20 -19 
1491907541538 19 -20 
1491907541554 20 -21 
1491907541576 19 -18 
1491907541597 21 -19 
1491907541618 20 -19 
1491907541639 20 -19 
1491907541655 18 -19 
1491907541677 17 -19 
1491907541698 18 -17 
1491907541714 19 -16 
1491907541736 17 -16 
1491907541757 17 -16 
1491907541778 16 -17 
1491907541794 15 -15 
1491907541837 31 -25 
1491907541843 15 -11 
1491907541874 15 -15 
1491907541896 13 -14 
1491907541917 11 -14 
1491907541938 12 -14 
1491907541954 13 -12 
1491907541977 13 -9 
1491907541998 14 -10 
1491907542014 12 -10 
1491907542036 10 -10 
1491907542057 9 -11 
1491907542078 10 -11 
1491907542094 10 -12 
1491907542117 9 -9 
1491907542138 9 -10 
1491907542154 10 -10 
1491907542177 9 -10 
1491907542198 10 -9 
1491907542219 10 -8 
1491907542234 9 -7 
1491907542256 8 -9 
1491907542277 8 -7 
1491907542293 6 -7 
1491907542316 7 -6 
1491907542337 8 -8 
1491907542358 8 -7 
1491907542374 6 -7 
1491907542397 6 -8 
1491907542418 7 -9 
1491907542434 8 -6 
1491907542456 7 -6 
1491907542477 7 -7 
1491907542498 7 -6 
1491907542503 7 -7 
1491907542535 7 -5 
1491907542557 8 -7 
1491907542578 7 -6 
1491907542594 9 -7 
1491907542617 7 -5 
1491907542638 8 -7 
1491907542659 7 -9 
1491907542675 7 -7 
1491907542696 6 -8 
1491907542717 6 -9 
1491907542733 8 -8 
1491907542756 8 -7 
1491907542777 8 -7 
1491907542798 8 -7 
1491907542814 8 -7 
1491907542836 7 -7 
1491907542857 6 -7 
1491907542863 8 -5 
1491907542894 8 -7 
1491907542916 6 -6 
1491907542937 7 -8 
1491907542958 6 -7 
1491907542974 7 -7 
1491907542997 7 -9 
1491907543018 6 -8 
1491907543034 8 -8 
1491907543057 7 -7 
1491907543078 8 -8 
1491907543099 8 -7 
1491907543115 8 -6 
1491907543136 7 -7 
1491907543157 7 -7 
1491907543173 7 -6 
1491907543196 8 -5 
1491907543217 8 -7 
1491907543238 7 -9 
1491907543254 7 -7 
1491907543276 6 -8 
1491907543297 7 -9 
STOP
1491907543318 9 -9 
1491907543334 7 -7 
STRAIGHT: 3.00000
1491907543356 2 -2 
1491907543377 -1 2 
1491907543398 1 0 
1491907543414 2 0 
1491907543437 0 0 
1491907543458 0 0 
1491907543474 1 1 
1491907543497 2 2 
1491907543518 5 3 
1491907543534 5 5 
1491907543557 4 6 
1491907543578 5 3 
1491907543594 5 4 
1491907543616 7 7 
1491907543637 9 9 
1491907543653 8 9 
1491907543676 9 9 
1491907543697 10 11 
1491907543718 11 13 
1491907543734 14 15 
1491907543756 15 15 
1491907543777 17 16 
1491907543783 16 16 
1491907543814 18 17 
1491907543837 18 19 
1491907543858 21 21 
1491907543874 22 21 
1491907543897 24 23 
1491907543918 22 22 
1491907543934 23 24 
1491907543957 24 25 
1491907543978 27 28 
1491907543994 27 26 
1491907544017 30 30 
1491907544038 30 28 
1491907544054 31 29 
1491907544076 30 31 
1491907544097 32 33 
1491907544103 34 36 
1491907544134 37 39 
1491907544156 36 38 
1491907544177 35 36 
1491907544193 37 37 
1491907544216 38 37 
1491907544237 40 39 
1491907544258 41 42 
1491907544274 43 44 
1491907544297 44 44 
1491907544318 42 44 
1491907544334 44 44 
1491907544356 46 46 
1491907544377 46 48 
1491907544398 47 46 
1491907544414 46 48 
1491907544437 46 46 
1491907544458 46 47 
1491907544474 46 45 
1491907544497 48 47 
1491907544518 47 48 
1491907544538 48 47 
1491907544554 47 48 
1491907544576 47 48 
1491907544597 46 48 
1491907544613 47 46 
1491907544636 46 46 
1491907544657 47 49 
1491907544678 47 48 
1491907544694 47 47 
1491907544717 47 47 
1491907544738 48 46 
1491907544754 46 47 
1491907544776 45 46 
1491907544797 46 46 
1491907544818 48 48 
1491907544834 49 48 
1491907544857 49 48 
1491907544878 50 49 
1491907544894 49 47 
1491907544917 48 49 
1491907544938 47 48 
1491907544954 46 48 
1491907544977 47 45 
1491907544998 47 47 
1491907545014 48 49 
1491907545036 48 49 
1491907545057 47 49 
1491907545073 49 46 
1491907545096 47 48 
1491907545117 50 50 
1491907545138 47 48 
1491907545154 48 48 
1491907545176 48 48 
1491907545197 48 48 
1491907545218 49 49 
1491907545234 47 48 
1491907545257 49 48 
1491907545278 48 49 
1491907545294 49 48 
1491907545317 49 49 
1491907545338 48 48 
1491907545354 49 48 
1491907545377 48 49 
1491907545398 50 50 
1491907545414 47 48 
1491907545437 50 49 
1491907545457 49 49 
1491907545473 48 48 
1491907545496 48 48 
1491907545517 49 48 
1491907545533 48 49 
1491907545556 51 50 
1491907545577 51 49 
1491907545598 49 49 
1491907545614 49 49 
1491907545636 48 48 
1491907545657 49 49 
1491907545678 49 49 
1491907545694 50 49 
1491907545717 48 50 
1491907545738 49 49 
1491907545754 48 49 
1491907545777 49 47 
1491907545798 49 49 
1491907545814 50 50 
1491907545837 50 50 
1491907545858 49 49 
1491907545874 49 49 
1491907545896 49 50 
1491907545918 48 47 
1491907545933 49 49 
1491907545956 49 49 
1491907545977 50 51 
1491907545993 50 49 
1491907546016 51 50 
1491907546037 49 49 
1491907546053 49 49 
1491907546076 48 50 
1491907546097 49 49 
1491907546102 49 50 
1491907546134 51 49 
1491907546156 49 50 
1491907546177 51 50 
1491907546198 49 50 
1491907546214 48 50 
1491907546236 50 49 
1491907546257 51 50 
1491907546278 50 50 
1491907546294 50 51 
1491907546317 50 51 
1491907546338 49 49 
1491907546354 49 48 
1491907546377 50 49 
1491907546397 50 50 
1491907546418 50 51 
1491907546434 51 51 
1491907546477 100 99 
1491907546493 50 50 
1491907546516 51 52 
1491907546537 49 50 
1491907546558 51 52 
1491907546574 50 49 
1491907546596 51 50 
1491907546617 51 50 
1491907546638 50 51 
1491907546654 51 50 
1491907546676 50 50 
1491907546697 50 50 
1491907546718 50 51 
1491907546734 52 50 
1491907546757 50 51 
1491907546778 52 52 
1491907546794 50 51 
1491907546817 49 50 
1491907546837 49 48 
1491907546858 52 50 
1491907546874 50 51 
1491907546896 50 52 
1491907546917 51 52 
1491907546933 52 50 
1491907546956 52 50 
1491907546977 50 51 
1491907546998 52 52 
1491907547014 51 50 
1491907547036 51 51 
1491907547057 50 49 
1491907547062 51 50 
1491907547094 51 52 
1491907547116 50 52 
1491907547137 50 52 
1491907547158 52 50 
1491907547174 51 51 
1491907547197 52 51 
1491907547218 50 50 
1491907547234 50 51 
1491907547257 50 52 
1491907547278 51 50 
1491907547299 51 51 
1491907547315 52 52 
1491907547336 51 52 
1491907547357 50 51 
1491907547373 51 50 
1491907547396 51 51 
1491907547417 52 51 
1491907547438 51 52 
1491907547454 52 51 
1491907547476 51 50 
1491907547497 52 51 
1491907547513 51 52 
1491907547536 52 51 
1491907547557 50 51 
1491907547578 52 52 
1491907547594 50 51 
1491907547616 53 52 
1491907547637 53 53 
1491907547658 53 51 
1491907547674 51 52 
1491907547696 51 52 
1491907547738 100 100 
1491907547754 51 51 
1491907547777 52 51 
1491907547798 51 51 
1491907547814 51 51 
1491907547836 52 51 
1491907547857 53 53 
1491907547878 53 53 
1491907547894 51 53 
1491907547916 51 52 
1491907547937 52 50 
1491907547953 52 52 
1491907547976 52 53 
1491907547997 52 53 
1491907548018 52 51 
1491907548034 53 50 
1491907548056 51 52 
1491907548077 51 52 
1491907548098 51 52 
1491907548114 52 52 
1491907548136 51 51 
1491907548157 53 52 
1491907548178 52 52 
1491907548194 53 52 
1491907548217 53 52 
1491907548238 50 52 
1491907548254 52 52 
1491907548277 52 52 
1491907548297 52 52 
1491907548313 53 53 
1491907548336 52 53 
1491907548357 51 53 
1491907548373 51 51 
1491907548396 53 50 
1491907548417 55 53 
1491907548433 55 55 
1491907548456 54 54 
1491907548477 52 51 
1491907548498 53 49 
1491907548514 51 52 
1491907548536 50 52 
1491907548557 52 52 
1491907548578 52 52 
1491907548594 54 54 
1491907548617 53 53 
1491907548638 51 52 
1491907548654 52 49 
1491907548677 50 52 
1491907548698 53 52 
1491907548714 52 52 
1491907548737 54 54 
1491907548757 52 53 
1491907548773 52 52 
1491907548796 52 52 
1491907548817 52 52 
1491907548833 53 52 
1491907548856 53 54 
1491907548877 52 53 
1491907548893 52 51 
1491907548916 52 52 
1491907548937 52 52 
1491907548953 53 51 
1491907548976 54 53 
1491907549002 106 107 
1491907549034 55 53 
1491907549057 52 52 
1491907549078 51 52 
1491907549094 51 51 
1491907549117 52 53 
1491907549138 53 51 
1491907549154 53 53 
1491907549177 54 54 
1491907549198 53 52 
1491907549214 53 52 
1491907549236 52 52 
1491907549257 53 53 
1491907549273 54 54 
1491907549296 53 53 
1491907549317 54 54 
1491907549333 52 53 
1491907549356 53 53 
1491907549377 52 52 
1491907549393 52 52 
1491907549416 54 54 
1491907549437 52 53 
1491907549458 54 52 
1491907549474 53 52 
1491907549497 54 54 
1491907549518 53 53 
1491907549534 51 52 
1491907549556 53 53 
1491907549577 53 53 
1491907549598 54 53 
1491907549603 53 54 
1491907549635 53 53 
1491907549657 53 53 
1491907549678 53 53 
1491907549693 52 53 
1491907549716 55 54 
1491907549737 53 55 
1491907549758 53 53 
1491907549774 53 52 
1491907549796 53 53 
1491907549817 53 54 
1491907549833 54 54 
1491907549856 53 54 
1491907549877 54 54 
1491907549898 53 54 
1491907549914 53 52 
1491907549936 54 53 
1491907549957 53 54 
1491907549962 53 53 
1491907549994 54 53 
1491907550016 54 53 
1491907550037 53 55 
1491907550058 53 54 
1491907550074 52 54 
1491907550097 53 53 
1491907550118 54 53 
1491907550134 53 53 
1491907550157 55 55 
1491907550177 53 54 
1491907550198 54 53 
1491907550214 53 53 
1491907550236 54 54 
1491907550257 52 52 
1491907550273 54 55 
1491907550296 53 55 
1491907550317 55 54 
1491907550338 55 55 
1491907550354 54 53 
1491907550376 53 55 
1491907550397 53 55 
1491907550402 52 53 
1491907550434 54 51 
1491907550456 54 54 
1491907550477 54 55 
1491907550498 54 54 
1491907550514 54 54 
1491907550537 54 53 
1491907550558 54 54 
1491907550574 54 55 
1491907550597 54 53 
1491907550618 54 55 
1491907550634 55 54 
1491907550656 54 56 
1491907550677 55 54 
1491907550693 52 54 
1491907550716 54 53 
1491907550737 54 55 
1491907550753 55 54 
1491907550776 55 55 
1491907550797 55 54 
1491907550803 53 55 
1491907550834 53 54 
1491907550856 54 53 
1491907550877 55 54 
1491907550893 55 54 
1491907550916 54 55 
1491907550937 54 54 
1491907550958 56 54 
1491907550974 55 55 
1491907550996 53 54 
1491907551017 55 55 
1491907551038 54 54 
1491907551043 55 54 
1491907551075 55 55 
1491907551097 54 53 
1491907551117 53 54 
1491907551133 53 53 
1491907551156 53 54 
1491907551177 56 55 
1491907551198 55 54 
1491907551214 55 54 
1491907551236 54 56 
1491907551257 55 53 
1491907551273 54 54 
1491907551296 54 54 
1491907551317 55 55 
1491907551333 54 56 
1491907551356 55 55 
1491907551377 54 53 
1491907551382 54 54 
1491907551414 55 55 
1491907551436 54 55 
1491907551457 54 54 
1491907551462 54 53 
1491907551494 56 55 
1491907551516 55 56 
1491907551537 55 54 
1491907551558 53 54 
1491907551574 55 54 
1491907551596 54 54 
1491907551617 55 55 
1491907551638 55 56 
1491907551654 55 56 
1491907551676 55 54 
1491907551697 54 54 
1491907551736 110 109 
1491907551757 54 55 
1491907551778 55 55 
1491907551794 54 54 
1491907551816 55 54 
1491907551837 56 56 
1491907551853 54 54 
1491907551876 55 55 
1491907551897 56 55 
1491907551918 55 54 
1491907551934 55 54 
1491907551956 54 56 
1491907551977 55 56 
1491907551993 54 54 
1491907552016 55 54 
1491907552037 55 54 
1491907552042 56 56 
1491907552074 55 56 
1491907552096 55 54 
1491907552117 55 55 
1491907552138 54 54 
1491907552154 54 55 
1491907552176 55 55 
1491907552197 55 55 
1491907552218 55 55 
1491907552234 55 54 
1491907552257 56 55 
1491907552277 54 56 
1491907552293 55 55 
1491907552316 55 54 
1491907552337 56 54 
1491907552358 57 57 
1491907552374 54 55 
1491907552396 54 55 
1491907552417 55 54 
1491907552433 55 55 
1491907552456 56 56 
1491907552477 55 56 
1491907552493 55 55 
1491907552516 56 55 
1491907552537 54 54 
1491907552558 54 54 
1491907552574 55 54 
1491907552596 56 55 
1491907552617 54 56 
1491907552638 55 55 
1491907552654 55 55 
1491907552677 55 54 
1491907552698 54 56 
1491907552714 55 57 
1491907552736 54 55 
1491907552757 57 54 
1491907552773 55 55 
1491907552796 56 55 
1491907552817 54 56 
1491907552833 57 55 
1491907552856 56 54 
1491907552877 55 55 
1491907552893 54 56 
1491907552916 54 55 
1491907552937 56 55 
1491907552953 54 55 
1491907552976 56 55 
1491907552997 55 55 
1491907553013 54 54 
1491907553036 54 55 
1491907553057 56 55 
1491907553078 56 56 
1491907553094 56 56 
1491907553117 55 55 
1491907553138 55 55 
1491907553154 55 55 
1491907553176 55 55 
1491907553197 55 56 
1491907553217 56 56 
1491907553223 56 55 
1491907553254 55 54 
1491907553276 55 55 
1491907553297 56 57 
1491907553313 55 55 
1491907553336 56 55 
1491907553357 54 55 
1491907553378 57 56 
1491907553394 55 56 
1491907553416 56 56 
1491907553437 54 55 
1491907553453 55 55 
1491907553476 55 54 
1491907553497 56 56 
1491907553518 56 57 
1491907553534 55 55 
1491907553556 56 55 
1491907553577 56 54 
1491907553582 55 55 
1491907553614 56 57 
1491907553636 56 56 
1491907553657 56 56 
1491907553678 54 55 
1491907553694 56 55 
1491907553716 56 56 
1491907553737 54 55 
1491907553753 56 56 
1491907553776 57 55 
1491907553797 56 55 
1491907553818 56 57 
1491907553834 54 56 
1491907553856 56 55 
1491907553877 56 54 
1491907553893 55 55 
1491907553916 56 56 
1491907553937 56 56 
1491907553958 56 56 
1491907553974 55 56 
1491907553996 56 55 
1491907554017 55 56 
1491907554033 55 56 
1491907554056 56 56 
1491907554077 56 56 
1491907554098 56 55 
1491907554114 56 56 
1491907554137 55 56 
1491907554158 56 57 
1491907554174 56 55 
1491907554197 57 54 
1491907554217 57 56 
1491907554238 54 57 
1491907554254 54 55 
1491907554276 56 54 
1491907554297 58 57 
1491907554313 56 58 
1491907554336 55 56 
1491907554357 56 53 
1491907554373 56 56 
1491907554396 55 57 
1491907554417 56 56 
1491907554433 57 55 
1491907554456 56 56 
1491907554477 55 57 
1491907554493 56 55 
1491907554516 56 56 
1491907554537 57 55 
1491907554558 55 57 
1491907554574 56 57 
1491907554596 57 56 
1491907554617 56 55 
1491907554638 56 56 
1491907554654 55 56 
1491907554677 56 56 
1491907554698 57 55 
1491907554713 56 57 
1491907554736 55 56 
1491907554757 55 56 
1491907554773 56 55 
1491907554796 56 56 
1491907554817 57 57 
1491907554833 57 56 
1491907554856 57 56 
1491907554877 55 55 
1491907554916 112 111 
1491907554937 56 56 
1491907554953 56 56 
1491907554976 56 57 
1491907554997 56 55 
1491907555018 57 56 
1491907555034 57 58 
1491907555056 56 57 
1491907555077 56 56 
1491907555082 56 56 
1491907555114 57 55 
1491907555137 57 57 
1491907555158 55 56 
1491907555173 55 55 
1491907555195 56 56 
1491907555216 56 55 
1491907555237 56 57 
1491907555258 57 57 
1491907555296 112 112 
1491907555317 56 56 
1491907555333 56 56 
1491907555356 56 58 
1491907555377 56 57 
1491907555398 57 55 
1491907555414 56 56 
1491907555436 56 56 
1491907555457 57 58 
1491907555473 56 55 
1491907555496 57 56 
1491907555517 55 56 
1491907555522 56 55 
1491907555554 57 57 
1491907555577 55 55 
1491907555598 57 57 
1491907555614 58 56 
1491907555636 56 56 
1491907555656 56 56 
1491907555677 55 58 
1491907555698 56 58 
1491907555714 57 56 
1491907555736 57 56 
1491907555757 56 56 
1491907555773 56 56 
1491907555796 55 56 
1491907555817 57 55 
1491907555838 57 57 
1491907555854 57 57 
1491907555876 56 57 
1491907555897 57 57 
1491907555913 56 55 
1491907555936 55 55 
1491907555957 56 57 
1491907555978 55 56 
1491907555994 54 54 
1491907556016 54 53 
1491907556037 55 53 
1491907556058 52 51 
1491907556074 52 51 
1491907556096 50 51 
1491907556116 50 51 
1491907556137 49 50 
1491907556153 49 49 
1491907556176 48 47 
1491907556197 47 47 
1491907556213 47 45 
1491907556236 47 47 
1491907556257 44 46 
1491907556278 44 45 
1491907556294 44 43 
1491907556316 43 44 
1491907556337 43 43 
1491907556353 42 43 
1491907556376 41 42 
1491907556397 42 40 
1491907556418 41 40 
1491907556434 40 40 
1491907556456 40 40 
1491907556477 37 39 
1491907556498 37 38 
1491907556514 38 37 
1491907556536 37 37 
1491907556577 74 74 
1491907556593 36 35 
1491907556616 35 35 
1491907556637 34 33 
1491907556653 36 35 
1491907556676 34 34 
1491907556697 34 33 
1491907556718 32 33 
1491907556734 32 33 
1491907556756 32 32 
1491907556777 30 31 
1491907556793 30 31 
1491907556816 32 30 
1491907556837 29 31 
1491907556858 30 30 
1491907556874 29 29 
1491907556896 29 27 
1491907556917 28 28 
1491907556933 26 29 
1491907556956 28 28 
1491907556977 28 26 
1491907556998 26 27 
1491907557014 25 26 
1491907557036 27 27 
1491907557058 25 25 
1491907557073 24 24 
1491907557095 24 25 
1491907557116 25 24 
1491907557137 27 24 
1491907557153 23 24 
1491907557176 22 24 
1491907557197 22 22 
1491907557213 25 22 
1491907557236 23 23 
1491907557257 21 24 
1491907557273 21 23 
1491907557296 23 20 
1491907557317 22 19 
1491907557333 21 22 
1491907557356 20 22 
1491907557377 20 20 
1491907557393 21 18 
1491907557416 20 19 
1491907557437 19 21 
1491907557458 20 21 
1491907557474 18 19 
1491907557496 17 17 
1491907557517 18 17 
1491907557538 18 18 
1491907557554 18 19 
1491907557577 18 17 
1491907557598 15 17 
1491907557614 16 15 
1491907557636 18 16 
1491907557657 17 16 
1491907557673 16 17 
1491907557696 17 16 
1491907557717 15 16 
1491907557733 14 14 
1491907557756 14 15 
1491907557777 16 16 
1491907557793 16 16 
1491907557816 15 13 
1491907557837 16 15 
1491907557858 13 14 
1491907557874 13 14 
1491907557896 13 13 
1491907557917 14 13 
1491907557933 14 13 
1491907557956 13 13 
1491907557977 13 13 
1491907557993 13 12 
1491907558016 11 12 
1491907558037 12 13 
1491907558058 12 12 
1491907558074 13 12 
1491907558096 12 12 
1491907558116 13 12 
1491907558137 12 11 
1491907558143 11 11 
1491907558174 11 10 
1491907558196 10 11 
1491907558217 11 12 
1491907558233 10 10 
1491907558256 10 11 
1491907558277 11 10 
1491907558298 10 11 
1491907558314 10 10 
1491907558336 11 9 
1491907558357 10 10 
1491907558373 10 9 
1491907558396 11 10 
1491907558417 9 9 
1491907558438 9 10 
1491907558454 10 10 
1491907558476 10 9 
1491907558497 9 10 
1491907558518 10 10 
1491907558534 10 10 
1491907558555 11 9 
1491907558576 10 10 
1491907558597 9 9 
1491907558613 10 10 
1491907558636 10 10 
1491907558657 10 9 
1491907558673 10 10 
1491907558696 10 10 
1491907558717 9 9 
1491907558738 11 11 
1491907558754 10 10 
ROTATE: 1.57080
1491907558776 2 2 
1491907558797 -2 -3 
1491907558813 1 2 
1491907558836 0 0 
1491907558857 0 0 
1491907558878 0 0 
1491907558894 3 -1 
1491907558917 3 0 
1491907558938 4 -2 
1491907558954 5 -2 
1491907558975 6 -5 
1491907558996 7 -4 
1491907559017 6 -6 
1491907559033 5 -6 
1491907559056 7 -10 
1491907559077 9 -9 
1491907559093 8 -10 
1491907559116 9 -12 
1491907559137 13 -12 
1491907559153 16 -14 
1491907559176 18 -14 
1491907559197 20 -18 
1491907559213 20 -17 
1491907559236 20 -19 
1491907559257 19 -19 
1491907559273 19 -19 
1491907559296 20 -19 
1491907559317 19 -17 
1491907559338 17 -17 
1491907559354 17 -20 
1491907559377 17 -19 
1491907559382 18 -17 
1491907559414 19 -15 
1491907559436 19 -17 
1491907559457 18 -18 
1491907559477 18 -19 
1491907559493 18 -19 
1491907559516 20 -17 
1491907559537 21 -17 
1491907559553 19 -16 
1491907559576 18 -18 
1491907559597 17 -20 
1491907559613 19 -21 
1491907559636 18 -18 
1491907559657 20 -16 
1491907559673 20 -15 
1491907559696 18 -19 
1491907559717 18 -20 
1491907559733 18 -18 
1491907559756 19 -19 
1491907559777 20 -17 
1491907559798 20 -16 
1491907559814 18 -19 
1491907559836 20 -20 
1491907559857 19 -19 
1491907559862 18 -19 
1491907559894 20 -19 
1491907559917 19 -18 
1491907559937 19 -19 
1491907559953 20 -18 
1491907559976 18 -20 
1491907559997 18 -19 
1491907560013 19 -18 
1491907560036 18 -20 
1491907560057 19 -19 
1491907560073 19 -17 
1491907560096 19 -19 
1491907560117 20 -20 
1491907560133 18 -20 
1491907560156 18 -19 
1491907560177 19 -18 
1491907560182 20 -20 
1491907560214 20 -19 
1491907560236 19 -18 
1491907560257 18 -20 
1491907560273 20 -20 
1491907560296 20 -19 
1491907560317 20 -19 
1491907560338 20 -19 
1491907560354 18 -19 
1491907560376 19 -20 
1491907560397 19 -18 
1491907560413 20 -20 
1491907560435 20 -19 
1491907560456 20 -19 
1491907560477 20 -21 
1491907560493 19 -19 
1491907560516 20 -19 
1491907560537 21 -20 
1491907560553 19 -19 
1491907560576 19 -20 
1491907560597 17 -19 
1491907560618 19 -18 
1491907560634 19 -18 
1491907560656 18 -17 
1491907560677 17 -16 
1491907560693 16 -18 
1491907560716 15 -17 
1491907560737 16 -14 
1491907560758 17 -15 
1491907560774 15 -14 
1491907560796 16 -14 
1491907560817 13 -15 
1491907560838 13 -15 
1491907560854 12 -14 
1491907560875 13 -11 
1491907560896 13 -10 
1491907560917 13 -12 
1491907560933 12 -12 
1491907560956 12 -11 
1491907560977 11 -11 
1491907560993 11 -14 
1491907561016 11 -11 
1491907561037 11 -11 
1491907561058 10 -9 
1491907561074 11 -9 
1491907561096 10 -8 
1491907561117 8 -7 
1491907561133 7 -9 
1491907561156 9 -9 
1491907561177 9 -8 
1491907561198 8 -8 
1491907561214 8 -9 
1491907561236 9 -9 
1491907561257 7 -8 
1491907561278 8 -8 
1491907561294 7 -6 
1491907561316 7 -6 
1491907561337 7 -7 
1491907561357 6 -6 
1491907561373 5 -5 
1491907561396 7 -6 
1491907561417 7 -7 
1491907561433 8 -7 
1491907561456 8 -6 
1491907561477 9 -7 
1491907561498 10 -8 
1491907561514 8 -9 
1491907561536 7 -8 
1491907561557 7 -9 
1491907561573 7 -9 
1491907561596 8 -7 
1491907561617 6 -6 
1491907561638 7 -8 
1491907561654 5 -6 
1491907561676 7 -7 
1491907561697 6 -6 
1491907561702 7 -7 
1491907561734 8 -6 
1491907561777 18 -13 
1491907561798 9 -8 
1491907561813 9 -7 
1491907561836 7 -8 
1491907561857 7 -9 
1491907561873 7 -6 
1491907561896 6 -6 
1491907561917 7 -6 
1491907561933 6 -7 
1491907561956 6 -7 
1491907561977 6 -5 
1491907561993 7 -6 
1491907562016 7 -8 
1491907562037 9 -7 
1491907562053 9 -6 
1491907562076 9 -6 
1491907562097 9 -9 
1491907562102 9 -8 
1491907562134 7 -7 
1491907562156 6 -9 
1491907562177 8 -8 
1491907562193 7 -6 
1491907562216 8 -7 
1491907562237 7 -7 
STOP
1491907562258 6 -7 
1491907562273 6 -6 
STRAIGHT: 3.00000
1491907562295 5 -4 
1491907562316 -1 3 
1491907562337 0 0 
1491907562358 2 0 
1491907562374 2 0 
1491907562396 0 0 
1491907562417 0 1 
1491907562433 1 3 
1491907562456 4 3 
1491907562477 4 4 
1491907562498 5 3 
1491907562514 4 6 
1491907562536 6 5 
1491907562557 6 6 
1491907562573 8 8 
1491907562596 9 8 
1491907562617 10 10 
1491907562633 8 10 
1491907562656 12 12 
1491907562677 13 14 
1491907562698 15 16 
1491907562714 16 17 
1491907562735 17 18 
1491907562756 18 18 
1491907562777 17 17 
1491907562793 19 18 
1491907562816 22 22 
1491907562837 24 24 
1491907562853 24 23 
1491907562876 24 23 
1491907562897 24 24 
1491907562913 27 27 
1491907562936 27 29 
1491907562957 28 29 
1491907562973 29 29 
1491907562996 30 32 
1491907563017 31 31 
1491907563033 33 32 
1491907563056 32 33 
1491907563077 36 36 
1491907563082 37 37 
1491907563114 36 35 
1491907563136 38 38 
1491907563157 39 39 
1491907563162 39 40 
1491907563193 41 41 
1491907563215 44 45 
1491907563236 42 43 
1491907563257 45 45 
1491907563273 45 45 
1491907563296 44 45 
1491907563317 47 47 
1491907563333 46 45 
1491907563356 46 47 
1491907563377 47 47 
1491907563393 47 47 
1491907563416 47 49 
1491907563437 47 48 
1491907563453 46 46 
1491907563476 45 48 
1491907563497 47 46 
1491907563518 50 49 
1491907563534 47 48 
1491907563556 48 48 
1491907563577 47 48 
1491907563593 46 47 
1491907563616 45 46 
1491907563637 46 45 
1491907563657 48 47 
1491907563673 47 48 
1491907563695 48 49 
1491907563716 48 48 
1491907563737 47 46 
1491907563753 47 47 
1491907563775 47 48 
1491907563796 48 48 
1491907563817 49 49 
1491907563833 48 49 
1491907563856 48 47 
1491907563877 46 47 
1491907563893 48 47 
1491907563916 47 48 
1491907563937 47 49 
1491907563958 49 50 
1491907563974 49 48 
1491907563996 47 48 
1491907564017 48 47 
1491907564033 47 47 
1491907564056 49 48 
1491907564077 48 49 
1491907564097 50 49 
1491907564113 51 49 
1491907564135 51 49 
1491907564156 50 49 
1491907564177 48 49 
1491907564193 49 49 
1491907564215 47 48 
1491907564236 47 47 
1491907564257 46 46 
1491907564296 98 98 
1491907564317 48 49 
1491907564333 48 48 
1491907564356 48 48 
1491907564377 48 48 
1491907564398 49 50 
1491907564414 50 49 
1491907564436 48 49 
1491907564457 49 49 
1491907564473 49 50 
1491907564496 49 49 
1491907564517 49 49 
1491907564538 51 50 
1491907564554 49 49 
1491907564575 49 50 
1491907564596 49 49 
1491907564617 47 47 
1491907564633 49 49 
1491907564655 49 50 
1491907564676 49 49 
1491907564697 48 48 
1491907564713 50 48 
1491907564736 51 50 
1491907564757 49 51 
1491907564773 50 49 
1491907564796 48 48 
1491907564817 50 50 
1491907564833 48 49 
1491907564856 50 50 
1491907564877 50 50 
1491907564893 50 49 
1491907564916 50 50 
1491907564937 49 50 
1491907564953 50 50 
1491907564976 50 50 
1491907564997 49 50 
1491907565002 51 50 
1491907565034 49 50 
1491907565055 49 50 
1491907565076 50 50 
1491907565082 50 49 
1491907565113 50 49 
1491907565135 49 50 
1491907565156 50 49 
1491907565177 51 49 
1491907565193 51 51 
1491907565215 51 51 
1491907565236 51 51 
1491907565257 51 50 
1491907565273 50 49 
1491907565296 50 50 
1491907565317 49 52 
1491907565333 50 51 
1491907565356 50 50 
1491907565377 51 49 
1491907565398 51 51 
1491907565414 50 49 
1491907565436 50 48 
1491907565473 104 99 
1491907565496 51 52 
1491907565516 51 51 
1491907565532 50 49 
1491907565555 51 51 
1491907565576 52 51 
1491907565597 51 52 
1491907565613 50 51 
1491907565635 51 50 
1491907565656 50 50 
1491907565677 50 51 
1491907565693 51 52 
1491907565716 48 50 
1491907565737 48 47 
1491907565753 48 47 
1491907565776 48 50 
1491907565797 50 51 
1491907565813 50 50 
1491907565836 50 52 
1491907565857 51 50 
1491907565873 51 51 
1491907565896 50 51 
1491907565917 52 50 
1491907565933 52 51 
1491907565956 52 51 
1491907565977 51 51 
1491907565982 51 50 
1491907566013 52 52 
1491907566035 52 52 
1491907566056 50 51 
1491907566072 48 50 
1491907566095 48 48 
1491907566116 49 49 
1491907566137 50 50 
1491907566153 50 51 
1491907566176 52 51 
1491907566197 51 50 
1491907566213 51 51 
1491907566236 50 51 
1491907566257 51 52 
1491907566278 51 51 
1491907566294 52 51 
1491907566316 51 51 
1491907566337 51 52 
1491907566353 51 51 
1491907566376 51 51 
1491907566397 51 51 
1491907566418 51 51 
1491907566434 50 50 
1491907566455 52 52 
1491907566476 51 51 
1491907566492 50 51 
1491907566515 50 50 
1491907566536 51 51 
1491907566557 52 53 
1491907566573 51 51 
1491907566595 52 52 
1491907566616 51 52 
1491907566637 52 50 
1491907566653 51 50 
1491907566675 50 52 
1491907566696 52 51 
1491907566717 52 52 
1491907566733 52 51 
1491907566756 51 51 
1491907566777 50 52 
1491907566793 52 51 
1491907566816 51 51 
1491907566837 52 52 
1491907566858 52 54 
1491907566874 52 52 
1491907566895 51 51 
1491907566916 52 52 
1491907566932 52 52 
1491907566955 51 52 
1491907566976 52 51 
1491907566997 53 52 
1491907567013 53 53 
1491907567035 52 53 
1491907567056 52 51 
1491907567077 51 51 
1491907567093 52 53 
1491907567115 51 52 
1491907567157 105 104 
1491907567173 53 52 
1491907567196 52 53 
1491907567217 52 52 
1491907567233 50 52 
1491907567256 48 51 
1491907567277 50 52 
1491907567293 52 52 
1491907567316 55 53 
1491907567337 55 55 
1491907567353 53 52 
1491907567375 51 52 
1491907567396 51 48 
1491907567412 51 48 
1491907567435 51 51 
1491907567456 53 54 
1491907567477 53 53 
1491907567493 53 53 
1491907567515 50 52 
1491907567536 52 52 
1491907567557 52 53 
1491907567562 53 54 
1491907567594 53 53 
1491907567616 53 52 
1491907567637 53 49 
1491907567653 51 52 
1491907567676 52 53 
1491907567697 52 52 
1491907567718 54 52 
1491907567734 51 52 
1491907567756 53 52 
1491907567777 52 54 
1491907567793 52 53 
1491907567815 53 52 
1491907567836 52 52 
1491907567857 53 53 
1491907567873 53 53 
1491907567895 51 52 
1491907567916 53 53 
1491907567937 52 50 
1491907567953 53 52 
1491907567975 53 53 
1491907567996 53 54 
1491907568017 53 54 
1491907568033 52 52 
1491907568056 53 52 
1491907568077 53 53 
1491907568093 52 52 
1491907568116 54 53 
1491907568137 53 53 
1491907568158 54 53 
1491907568174 53 52 
1491907568196 53 53 
1491907568217 53 53 
1491907568233 51 53 
1491907568256 52 52 
1491907568277 53 52 
1491907568297 53 52 
1491907568313 54 54 
1491907568335 52 53 
1491907568356 54 54 
1491907568372 53 52 
1491907568395 53 52 
1491907568416 53 53 
1491907568437 53 53 
1491907568453 54 53 
1491907568476 53 53 
1491907568497 52 52 
1491907568513 52 52 
1491907568536 52 54 
1491907568557 54 53 
1491907568573 53 54 
1491907568596 54 54 
1491907568617 53 52 
1491907568633 53 52 
1491907568656 53 54 
1491907568677 53 52 
1491907568693 53 53 
1491907568716 52 52 
1491907568737 54 53 
1491907568753 53 53 
1491907568775 53 54 
1491907568796 53 52 
1491907568812 53 54 
1491907568835 53 53 
1491907568856 53 53 
1491907568877 54 55 
1491907568893 55 53 
1491907568916 53 53 
1491907568937 54 53 
1491907568953 52 53 
1491907568976 52 54 
1491907568997 54 55 
1491907569018 54 53 
1491907569034 51 53 
1491907569056 53 53 
1491907569077 54 53 
1491907569093 55 54 
1491907569116 56 54 
1491907569137 55 55 
1491907569153 55 54 
1491907569176 54 55 
1491907569197 52 54 
1491907569213 52 54 
1491907569235 53 51 
1491907569256 54 54 
1491907569272 53 55 
1491907569295 55 55 
1491907569316 54 53 
1491907569337 54 53 
1491907569353 53 53 
1491907569375 54 54 
1491907569396 53 54 
1491907569417 54 54 
1491907569433 54 54 
1491907569456 54 53 
1491907569477 54 54 
1491907569493 54 55 
1491907569516 54 55 
1491907569537 54 54 
1491907569553 54 53 
1491907569576 54 53 
1491907569597 54 55 
1491907569613 53 54 
1491907569636 54 53 
1491907569657 53 53 
1491907569673 53 53 
1491907569696 55 55 
1491907569716 54 55 
1491907569732 55 55 
1491907569759 55 54 
1491907569777 55 54 
1491907569797 53 54 
1491907569813 54 55 
1491907569835 54 55 
1491907569856 55 54 
1491907569877 54 54 
1491907569893 55 54 
1491907569916 54 55 
1491907569937 54 54 
1491907569953 54 55 
1491907569976 53 53 
1491907569997 54 54 
1491907570013 54 54 
1491907570036 55 55 
1491907570057 54 54 
1491907570073 55 55 
1491907570096 55 54 
1491907570117 55 54 
1491907570133 56 55 
1491907570156 55 56 
1491907570177 55 55 
1491907570182 54 53 
1491907570214 54 53 
1491907570235 54 55 
1491907570256 54 55 
1491907570272 54 55 
1491907570295 54 53 
1491907570316 55 55 
1491907570337 54 55 
1491907570353 55 54 
1491907570376 55 54 
1491907570397 54 55 
1491907570413 54 54 
1491907570436 55 54 
1491907570457 55 55 
1491907570478 55 55 
1491907570494 55 55 
1491907570516 55 54 
1491907570537 54 54 
1491907570553 54 55 
1491907570576 55 55 
1491907570597 55 55 
1491907570618 54 54 
1491907570634 54 54 
1491907570656 54 54 
1491907570676 55 55 
1491907570692 55 54 
1491907570715 54 54 
1491907570736 55 56 
1491907570757 54 55 
1491907570773 54 56 
1491907570795 54 55 
1491907570816 56 54 
1491907570837 56 53 
1491907570853 58 56 
1491907570875 59 55 
1491907570917 112 108 
1491907570933 56 56 
1491907570956 56 55 
1491907570977 56 55 
1491907570993 55 54 
1491907571016 54 55 
1491907571037 53 56 
1491907571058 56 55 
1491907571074 55 53 
1491907571096 55 54 
1491907571117 54 54 
1491907571133 55 52 
1491907571155 54 54 
1491907571176 54 56 
1491907571197 55 58 
1491907571213 55 55 
1491907571235 55 56 
1491907571256 54 56 
1491907571277 53 56 
1491907571293 56 54 
1491907571315 55 55 
1491907571336 55 54 
1491907571357 56 55 
1491907571373 57 56 
1491907571396 57 57 
1491907571417 56 55 
1491907571433 56 55 
1491907571456 57 55 
1491907571477 56 57 
1491907571493 50 54 
1491907571516 51 50 
1491907571537 54 53 
1491907571553 52 52 
1491907571576 55 55 
1491907571597 53 56 
1491907571613 56 56 
1491907571635 56 55 
1491907571656 55 55 
1491907571677 56 56 
1491907571693 57 56 
1491907571715 55 55 
1491907571736 57 56 
1491907571742 55 56 
1491907571773 55 55 
1491907571796 55 54 
1491907571817 54 55 
1491907571833 55 55 
1491907571855 54 55 
1491907571876 55 54 
1491907571897 54 55 
1491907571918 56 56 
1491907571934 54 55 
1491907571956 56 55 
1491907571977 55 55 
1491907571993 55 55 
1491907572016 56 56 
1491907572037 55 55 
1491907572058 55 56 
1491907572074 56 54 
1491907572096 54 55 
1491907572117 56 56 
1491907572133 55 54 
1491907572155 56 55 
1491907572176 55 55 
1491907572192 55 55 
1491907572215 55 57 
1491907572236 56 56 
1491907572257 55 56 
1491907572273 55 56 
1491907572295 54 54 
1491907572316 56 55 
1491907572337 55 56 
1491907572353 56 56 
1491907572376 55 55 
1491907572397 55 54 
1491907572413 55 54 
1491907572436 55 56 
1491907572457 55 53 
1491907572473 57 55 
1491907572496 55 55 
1491907572517 56 57 
1491907572533 56 56 
1491907572556 56 55 
1491907572577 53 54 
1491907572593 53 56 
1491907572615 54 55 
1491907572636 56 55 
1491907572642 55 57 
1491907572673 57 56 
1491907572695 57 56 
1491907572716 56 55 
1491907572722 56 56 
1491907572753 56 57 
1491907572775 55 54 
1491907572796 56 55 
1491907572817 55 56 
1491907572833 54 56 
1491907572856 55 55 
1491907572893 112 110 
1491907572916 54 56 
1491907572937 57 57 
1491907572953 57 56 
1491907572976 56 55 
1491907572997 55 55 
1491907573013 55 55 
1491907573036 56 55 
1491907573057 56 57 
1491907573078 56 56 
1491907573094 54 53 
1491907573115 55 54 
1491907573136 55 56 
1491907573152 56 57 
1491907573175 57 56 
1491907573196 57 56 
1491907573217 57 57 
1491907573233 56 56 
1491907573256 55 56 
1491907573277 55 56 
1491907573293 55 56 
1491907573316 57 55 
1491907573337 55 53 
1491907573353 55 57 
1491907573376 56 57 
1491907573397 56 54 
1491907573413 55 54 
1491907573436 55 55 
1491907573457 56 57 
1491907573473 56 57 
1491907573496 57 56 
1491907573517 56 56 
1491907573533 56 57 
1491907573556 56 56 
1491907573576 55 56 
1491907573582 55 57 
1491907573613 56 55 
1491907573635 56 55 
1491907573656 57 56 
1491907573677 55 57 
1491907573693 55 57 
1491907573716 56 54 
1491907573737 56 55 
1491907573753 56 56 
1491907573775 56 56 
1491907573817 113 113 
1491907573833 56 55 
1491907573856 57 57 
1491907573877 56 56 
1491907573893 56 56 
1491907573916 55 56 
1491907573937 56 56 
1491907573958 56 56 
1491907573974 57 57 
1491907573996 56 57 
1491907574017 57 55 
1491907574033 56 55 
1491907574055 56 56 
1491907574076 54 56 
1491907574097 58 56 
1491907574113 55 56 
1491907574135 55 57 
1491907574156 56 56 
1491907574177 55 57 
1491907574193 56 58 
1491907574215 55 56 
1491907574257 113 110 
1491907574273 56 57 
1491907574296 57 57 
1491907574317 58 55 
1491907574333 57 57 
1491907574356 56 57 
1491907574377 56 56 
1491907574393 55 54 
1491907574416 55 55 
1491907574437 54 55 
1491907574453 54 55 
1491907574476 57 56 
1491907574497 55 56 
1491907574513 56 56 
1491907574535 56 57 
1491907574556 57 56 
1491907574577 56 57 
1491907574593 57 56 
1491907574615 56 57 
1491907574636 57 55 
1491907574657 55 56 
1491907574673 56 56 
1491907574696 56 56 
1491907574717 56 55 
1491907574733 56 55 
1491907574756 55 56 
1491907574777 57 56 
1491907574793 57 58 
1491907574816 57 57 
1491907574837 56 56 
1491907574853 56 55 
1491907574876 55 56 
1491907574897 55 55 
1491907574913 55 55 
1491907574936 55 54 
1491907574957 54 54 
1491907574962 52 52 
1491907574993 52 53 
1491907575015 51 51 
1491907575036 51 49 
1491907575042 50 50 
1491907575073 50 49 
1491907575095 48 50 
1491907575116 47 48 
1491907575137 48 47 
1491907575153 46 47 
1491907575176 45 45 
1491907575197 46 44 
1491907575213 44 44 
1491907575236 44 45 
1491907575257 43 45 
1491907575273 43 42 
1491907575296 42 42 
1491907575317 42 41 
1491907575333 40 42 
1491907575356 40 39 
1491907575377 41 40 
1491907575398 40 41 
1491907575414 39 39 
1491907575436 38 37 
1491907575456 37 38 
1491907575472 37 36 
1491907575495 36 36 
1491907575516 36 36 
1491907575537 37 37 
1491907575553 34 36 
1491907575576 34 35 
1491907575597 35 33 
1491907575613 34 33 
1491907575635 32 34 
1491907575656 34 33 
1491907575677 32 32 
1491907575693 31 32 
1491907575716 31 32 
1491907575737 31 31 
1491907575753 30 29 
1491907575776 31 30 
1491907575797 29 30 
1491907575813 29 31 
1491907575836 29 28 
1491907575857 29 28 
1491907575862 29 29 
1491907575894 27 28 
1491907575916 27 27 
1491907575936 28 27 
1491907575942 26 26 
1491907575973 26 26 
1491907575995 27 26 
1491907576016 26 26 
1491907576037 24 25 
1491907576053 22 23 
1491907576075 24 24 
1491907576096 24 23 
1491907576117 25 25 
1491907576133 23 23 
1491907576156 23 23 
1491907576177 23 21 
1491907576193 22 23 
1491907576216 23 24 
1491907576237 21 21 
1491907576258 21 19 
1491907576274 21 21 
1491907576296 21 23 
1491907576317 21 22 
1491907576333 19 18 
1491907576356 19 19 
1491907576377 19 20 
1491907576393 21 20 
1491907576415 20 20 
1491907576436 18 18 
1491907576457 16 15 
1491907576473 17 17 
1491907576495 18 19 
1491907576516 19 20 
1491907576537 19 19 
1491907576553 16 16 
1491907576576 14 13 
1491907576597 15 16 
1491907576613 16 17 
1491907576636 18 18 
1491907576657 19 17 
1491907576673 15 15 
1491907576696 13 15 
1491907576717 12 13 
1491907576733 15 13 
1491907576756 16 15 
1491907576777 17 17 
1491907576793 16 16 
1491907576816 13 14 
1491907576837 11 11 
1491907576853 12 11 
1491907576875 13 14 
1491907576896 14 15 
1491907576902 16 14 
1491907576933 15 14 
1491907576955 14 13 
1491907576976 13 12 
1491907576997 11 11 
1491907577013 12 11 
1491907577036 14 12 
1491907577057 15 13 
1491907577073 13 14 
1491907577096 14 12 
1491907577117 13 11 
1491907577138 12 11 
1491907577154 10 12 
1491907577176 10 10 
1491907577197 10 9 
1491907577213 10 10 
1491907577236 11 10 
1491907577257 9 9 
1491907577278 9 8 
1491907577294 10 8 
1491907577316 8 10 
1491907577337 10 10 
1491907577353 9 10 
1491907577375 10 9 
1491907577396 9 9 
1491907577417 10 10 
1491907577433 10 9 
1491907577456 11 11 
1491907577477 10 11 
1491907577493 11 10 
1491907577515 10 9 
1491907577536 9 10 
1491907577557 8 9 
1491907577578 10 8 
1491907577594 9 10 
1491907577616 9 9 
1491907577637 9 9 
1491907577653 8 9 
1491907577676 9 9 
1491907577697 10 10 
1491907577718 10 10 
1491907577734 10 10 
1491907577756 10 10 
ROTATE: 1.57080
1491907577777 7 9 
1491907577793 -2 -4 
1491907577815 0 -1 
1491907577836 0 1 
1491907577857 0 0 
1491907577873 0 0 
1491907577896 0 -1 
1491907577917 4 -1 
1491907577933 3 -1 
1491907577955 2 -2 
1491907577976 2 -3 
1491907577997 4 -4 
1491907578013 2 -5 
1491907578036 4 -7 
1491907578057 4 -7 
1491907578073 6 -8 
1491907578096 8 -9 
1491907578117 10 -11 
1491907578138 14 -13 
1491907578154 15 -13 
1491907578176 18 -15 
1491907578197 18 -16 
1491907578213 19 -18 
1491907578236 19 -20 
1491907578257 17 -21 
1491907578272 17 -19 
1491907578295 18 -18 
1491907578316 17 -17 
1491907578337 17 -18 
1491907578353 17 -19 
1491907578375 16 -19 
1491907578396 18 -18 
1491907578417 17 -18 
1491907578423 19 -17 
1491907578454 20 -18 
1491907578476 19 -20 
1491907578497 18 -19 
1491907578513 17 -19 
1491907578536 19 -18 
1491907578557 19 -16 
1491907578578 19 -19 
1491907578594 17 -19 
1491907578616 18 -20 
1491907578637 17 -19 
1491907578653 18 -18 
1491907578676 19 -17 
1491907578697 19 -18 
1491907578718 18 -20 
1491907578734 18 -19 
1491907578756 17 -20 
1491907578776 19 -18 
1491907578797 19 -16 
1491907578813 20 -19 
1491907578835 18 -19 
1491907578856 17 -21 
1491907578877 19 -19 
1491907578893 19 -18 
1491907578916 20 -17 
1491907578937 19 -18 
1491907578953 18 -20 
1491907578976 18 -21 
1491907578997 18 -19 
1491907579018 18 -18 
1491907579034 21 -18 
1491907579056 19 -19 
1491907579077 18 -20 
1491907579093 18 -20 
1491907579116 18 -19 
1491907579137 19 -19 
1491907579158 21 -17 
1491907579174 18 -20 
1491907579196 19 -21 
1491907579217 18 -19 
1491907579222 19 -19 
1491907579253 21 -18 
1491907579275 19 -18 
1491907579296 19 -21 
1491907579317 19 -21 
1491907579333 19 -20 
1491907579356 20 -18 
1491907579377 20 -17 
1491907579393 19 -20 
1491907579416 19 -21 
1491907579437 19 -19 
1491907579458 18 -20 
1491907579474 21 -17 
1491907579496 21 -19 
1491907579517 19 -21 
1491907579533 18 -21 
1491907579556 19 -21 
1491907579577 20 -21 
1491907579598 21 -17 
1491907579614 19 -20 
1491907579636 19 -19 
1491907579657 18 -18 
1491907579673 17 -17 
1491907579696 18 -14 
1491907579716 17 -16 
1491907579737 16 -18 
1491907579753 15 -16 
1491907579776 15 -15 
1491907579797 15 -15 
1491907579813 16 -14 
1491907579835 15 -11 
1491907579856 14 -14 
1491907579877 12 -15 
1491907579893 12 -15 
1491907579916 10 -12 
1491907579937 12 -12 
1491907579953 13 -11 
1491907579976 14 -11 
1491907579997 12 -8 
1491907580013 10 -11 
1491907580036 10 -12 
1491907580057 9 -12 
1491907580073 9 -10 
1491907580096 9 -8 
1491907580117 10 -10 
1491907580154 19 -18 
1491907580176 9 -9 
1491907580196 9 -8 
1491907580217 9 -7 
1491907580233 8 -7 
1491907580255 7 -7 
1491907580276 7 -7 
1491907580297 7 -9 
1491907580303 7 -7 
1491907580334 7 -6 
1491907580356 7 -7 
1491907580377 8 -7 
1491907580393 8 -9 
1491907580416 7 -7 
1491907580437 8 -7 
1491907580458 9 -8 
1491907580474 10 -7 
1491907580496 10 -7 
1491907580517 7 -5 
1491907580533 6 -8 
1491907580556 5 -8 
1491907580577 4 -5 
1491907580593 6 -6 
1491907580615 6 -7 
1491907580636 6 -6 
1491907580657 7 -6 
1491907580674 8 -7 
1491907580695 8 -9 
1491907580737 17 -14 
1491907580743 9 -8 
1491907580774 9 -7 
1491907580796 8 -6 
1491907580817 8 -5 
1491907580833 7 -6 
1491907580856 6 -7 
1491907580877 6 -5 
1491907580898 6 -7 
1491907580914 5 -8 
1491907580957 15 -14 
1491907580973 7 -7 
1491907580996 7 -8 
1491907581017 8 -8 
1491907581038 7 -7 
1491907581054 7 -8 
1491907581076 8 -8 
1491907581097 8 -6 
1491907581113 7 -6 
1491907581135 7 -6 
1491907581156 7 -7 
1491907581162 7 -6 
1491907581193 7 -6 
1491907581216 7 -9 
1491907581237 7 -7 
1491907581253 7 -7 
1491907581276 8 -7 
1491907581297 7 -9 
1491907581313 8 -8 
STOP
1491907581336 6 -8 
1491907581357 8 -8 
STRAIGHT: 3.00000
1491907581373 3 -2 
1491907581396 -1 4 
1491907581417 1 -1 
1491907581433 1 0 
1491907581456 0 0 
1491907581477 0 0 
1491907581493 1 1 
1491907581516 2 2 
1491907581537 4 4 
1491907581553 4 5 
1491907581576 4 3 
1491907581597 4 2 
1491907581618 6 7 
1491907581634 6 7 
1491907581656 8 7 
1491907581677 7 8 
1491907581693 10 10 
1491907581715 9 10 
1491907581736 12 13 
1491907581757 14 13 
1491907581773 16 16 
1491907581796 16 16 
1491907581817 16 17 
1491907581833 18 16 
1491907581856 18 18 
1491907581877 20 22 
1491907581893 22 21 
1491907581916 25 24 
1491907581937 22 22 
1491907581942 22 24 
1491907581974 23 25 
1491907581996 27 26 
1491907582017 29 28 
1491907582022 28 31 
1491907582054 30 30 
1491907582076 31 29 
1491907582097 31 32 
1491907582113 31 33 
1491907582135 34 35 
1491907582156 35 33 
1491907582177 36 37 
1491907582198 36 38 
1491907582214 38 38 
1491907582236 39 39 
1491907582257 40 41 
1491907582273 40 40 
1491907582296 43 44 
1491907582317 44 43 
1491907582338 45 45 
1491907582354 46 47 
1491907582397 94 94 
1491907582436 92 93 
1491907582457 46 46 
1491907582473 47 47 
1491907582496 48 48 
1491907582517 47 48 
1491907582538 47 47 
1491907582553 47 47 
1491907582575 46 46 
1491907582596 47 48 
1491907582617 47 48 
1491907582623 47 47 
1491907582654 47 47 
1491907582676 47 47 
1491907582697 48 48 
1491907582713 46 47 
1491907582736 48 46 
1491907582757 47 48 
1491907582778 49 47 
1491907582794 47 48 
1491907582816 48 48 
1491907582837 48 48 
1491907582853 45 47 
1491907582876 47 47 
1491907582897 46 48 
1491907582918 48 48 
1491907582934 48 49 
1491907582956 50 47 
1491907582977 48 48 
1491907582982 46 47 
1491907583013 47 47 
1491907583035 47 47 
1491907583056 48 46 
1491907583077 49 50 
1491907583093 47 49 
1491907583116 48 48 
1491907583137 49 48 
1491907583153 48 48 
1491907583176 48 48 
1491907583197 49 48 
1491907583218 50 49 
1491907583234 48 48 
1491907583256 48 48 
1491907583277 48 48 
1491907583293 48 47 
1491907583316 49 49 
1491907583337 47 49 
1491907583358 48 49 
1491907583374 48 48 
1491907583396 49 48 
1491907583417 49 48 
1491907583438 49 49 
1491907583453 50 49 
1491907583475 48 49 
1491907583496 49 47 
1491907583517 48 50 
1491907583533 49 48 
1491907583556 50 49 
1491907583577 51 49 
1491907583593 49 50 
1491907583616 49 50 
1491907583637 49 49 
1491907583658 50 49 
1491907583674 49 49 
1491907583696 48 50 
1491907583717 49 49 
1491907583733 48 48 
1491907583756 49 48 
1491907583777 48 48 
1491907583798 50 50 
1491907583814 49 49 
1491907583836 49 49 
1491907583857 49 49 
1491907583873 50 49 
1491907583896 50 50 
1491907583916 50 49 
1491907583937 50 49 
1491907583953 48 50 
1491907583976 49 48 
1491907583997 48 48 
1491907584013 50 48 
1491907584036 48 51 
1491907584057 50 49 
1491907584078 50 51 
1491907584094 49 48 
1491907584116 49 48 
1491907584137 51 50 
1491907584153 49 49 
1491907584176 49 50 
1491907584197 49 49 
1491907584213 47 49 
1491907584236 48 47 
1491907584257 50 49 
1491907584278 51 51 
1491907584294 49 50 
1491907584316 51 51 
1491907584357 101 99 
1491907584373 50 51 
1491907584396 49 50 
1491907584417 50 50 
1491907584433 50 50 
1491907584456 49 49 
1491907584477 48 50 
1491907584493 51 50 
1491907584516 51 52 
1491907584537 50 49 
1491907584553 49 51 
1491907584576 51 49 
1491907584597 49 49 
1491907584613 51 50 
1491907584636 50 51 
1491907584657 51 51 
1491907584662 51 50 
1491907584694 51 50 
1491907584716 50 51 
1491907584737 49 50 
1491907584774 100 101 
1491907584797 52 51 
1491907584817 50 51 
1491907584833 50 50 
1491907584856 50 50 
1491907584877 50 51 
1491907584893 50 50 
1491907584916 52 50 
1491907584937 50 51 
1491907584958 51 50 
1491907584974 50 51 
1491907584996 51 51 
1491907585017 50 50 
1491907585033 51 50 
1491907585056 52 51 
1491907585077 50 51 
1491907585098 51 52 
1491907585114 51 50 
1491907585136 51 51 
1491907585157 50 51 
1491907585173 51 51 
1491907585196 50 51 
1491907585217 51 50 
1491907585238 51 52 
1491907585254 50 51 
1491907585276 51 50 
1491907585296 52 51 
1491907585317 50 51 
1491907585333 51 52 
1491907585356 51 51 
1491907585377 52 50 
1491907585393 52 51 
1491907585416 51 53 
1491907585437 51 51 
1491907585453 50 50 
1491907585476 52 51 
1491907585497 51 52 
1491907585513 52 52 
1491907585536 53 53 
1491907585557 51 51 
1491907585573 51 52 
1491907585596 51 51 
1491907585617 51 50 
1491907585633 52 51 
1491907585656 52 53 
1491907585677 52 52 
1491907585698 51 50 
1491907585714 53 52 
1491907585737 52 51 
1491907585758 50 53 
1491907585773 52 52 
1491907585795 53 52 
1491907585837 102 101 
1491907585853 52 53 
1491907585876 53 54 
1491907585897 52 52 
1491907585913 52 51 
1491907585936 52 51 
1491907585957 52 53 
1491907585973 52 53 
1491907585996 51 52 
1491907586017 52 50 
1491907586033 52 50 
1491907586056 53 52 
1491907586077 50 52 
1491907586093 52 52 
1491907586117 52 54 
1491907586138 52 52 
1491907586154 52 52 
1491907586175 52 52 
1491907586196 52 52 
1491907586217 53 53 
1491907586233 51 52 
1491907586256 51 51 
1491907586277 52 51 
1491907586293 52 51 
1491907586316 52 53 
1491907586337 53 53 
1491907586353 54 54 
1491907586376 53 52 
1491907586397 53 52 
1491907586413 51 52 
1491907586436 52 52 
1491907586457 51 50 
1491907586473 51 50 
1491907586496 53 52 
1491907586517 54 53 
1491907586538 53 54 
1491907586554 52 53 
1491907586576 52 52 
1491907586597 52 52 
1491907586617 52 52 
1491907586633 53 53 
1491907586655 53 53 
1491907586676 53 53 
1491907586697 53 52 
1491907586713 52 51 
1491907586736 51 52 
1491907586757 52 53 
1491907586773 53 51 
1491907586796 53 53 
1491907586817 53 53 
1491907586838 52 53 
1491907586854 53 52 
1491907586897 105 106 
1491907586913 53 52 
1491907586936 52 53 
1491907586957 53 51 
1491907586978 53 53 
1491907586994 51 52 
1491907587016 52 52 
1491907587037 54 52 
1491907587053 51 52 
1491907587076 52 53 
1491907587096 53 53 
1491907587117 54 53 
1491907587133 52 51 
1491907587156 53 54 
1491907587177 52 53 
1491907587193 52 51 
1491907587216 53 52 
1491907587237 52 53 
1491907587253 52 53 
1491907587276 54 54 
1491907587297 52 53 
1491907587313 53 54 
1491907587336 52 52 
1491907587357 53 51 
1491907587373 54 53 
1491907587396 53 54 
1491907587417 53 54 
1491907587433 53 52 
1491907587456 53 52 
1491907587477 54 53 
1491907587493 53 53 
1491907587516 53 54 
1491907587536 53 53 
1491907587557 54 54 
1491907587573 52 53 
1491907587596 53 53 
1491907587617 53 53 
1491907587633 52 53 
1491907587655 53 52 
1491907587676 54 53 
1491907587697 53 53 
1491907587713 53 54 
1491907587736 53 54 
1491907587757 53 52 
1491907587773 53 52 
1491907587796 54 54 
1491907587817 53 53 
1491907587833 54 54 
1491907587856 54 55 
1491907587877 53 52 
1491907587893 54 54 
1491907587916 53 53 
1491907587937 54 53 
1491907587953 53 54 
1491907587976 53 54 
1491907587997 54 53 
1491907588018 54 52 
1491907588034 52 53 
1491907588055 53 54 
1491907588076 53 53 
1491907588097 53 52 
1491907588113 54 54 
1491907588136 54 54 
1491907588157 53 54 
1491907588173 54 53 
1491907588196 53 53 
1491907588217 53 52 
1491907588233 54 54 
1491907588256 54 54 
1491907588277 54 55 
1491907588293 54 54 
1491907588316 52 53 
1491907588337 54 53 
1491907588353 52 53 
1491907588376 54 52 
1491907588397 56 54 
1491907588413 56 54 
1491907588436 55 55 
1491907588457 54 52 
1491907588462 53 54 
1491907588494 51 51 
1491907588516 52 52 
1491907588536 52 52 
1491907588542 54 55 
1491907588573 56 57 
1491907588596 55 55 
1491907588617 55 54 
1491907588633 56 53 
1491907588655 54 54 
1491907588676 53 55 
1491907588697 52 55 
1491907588718 55 54 
1491907588734 55 53 
1491907588756 54 54 
1491907588777 52 55 
1491907588793 53 53 
1491907588816 54 53 
1491907588837 54 53 
1491907588858 55 55 
1491907588874 54 55 
1491907588896 54 53 
1491907588917 54 54 
1491907588933 52 53 
1491907588956 54 53 
1491907588977 55 54 
1491907588992 53 54 
1491907589016 53 55 
1491907589037 54 54 
1491907589053 55 53 
1491907589075 54 54 
1491907589096 53 55 
1491907589117 54 54 
1491907589133 55 54 
1491907589156 55 54 
1491907589177 54 52 
1491907589193 53 55 
1491907589216 55 55 
1491907589237 53 54 
1491907589253 55 54 
1491907589276 54 54 
1491907589297 55 55 
1491907589313 53 55 
1491907589336 54 55 
1491907589357 54 53 
1491907589373 54 52 
1491907589396 54 55 
1491907589417 56 55 
1491907589438 55 55 
1491907589454 54 55 
1491907589475 55 54 
1491907589496 55 54 
1491907589502 53 54 
1491907589533 54 55 
1491907589555 54 54 
1491907589576 54 53 
1491907589597 56 55 
1491907589613 54 54 
1491907589636 54 56 
1491907589657 54 55 
1491907589673 55 54 
1491907589696 55 54 
1491907589717 55 55 
1491907589738 54 56 
1491907589754 55 54 
1491907589776 54 54 
1491907589797 55 54 
1491907589813 54 55 
1491907589836 55 53 
1491907589857 54 55 
1491907589878 55 56 
1491907589894 54 53 
1491907589915 55 55 
1491907589936 55 54 
1491907589942 53 55 
1491907589973 55 55 
1491907589995 55 54 
1491907590016 54 54 
1491907590037 55 55 
1491907590053 54 55 
1491907590076 55 55 
1491907590097 55 54 
1491907590113 54 54 
1491907590136 54 54 
1491907590157 56 56 
1491907590173 55 55 
1491907590196 55 54 
1491907590217 54 56 
1491907590233 54 53 
1491907590256 54 55 
1491907590277 55 55 
1491907590293 54 55 
1491907590316 56 54 
1491907590337 54 56 
1491907590342 56 54 
1491907590374 55 56 
1491907590395 55 54 
1491907590416 54 56 
1491907590422 55 54 
1491907590453 55 54 
1491907590476 55 56 
1491907590497 55 56 
1491907590513 56 55 
1491907590535 56 53 
1491907590556 54 56 
1491907590577 55 56 
1491907590598 55 55 
1491907590614 55 55 
1491907590636 55 55 
1491907590657 54 55 
1491907590673 54 54 
1491907590696 54 55 
1491907590717 56 55 
1491907590738 56 55 
1491907590754 55 56 
1491907590776 55 55 
1491907590797 56 54 
1491907590813 55 55 
1491907590836 54 54 
1491907590857 56 55 
1491907590873 55 55 
1491907590895 55 56 
1491907590916 55 54 
1491907590937 55 55 
1491907590953 55 55 
1491907590975 55 56 
1491907590996 54 56 
1491907591017 55 55 
1491907591038 55 55 
1491907591054 55 53 
1491907591076 56 55 
1491907591097 56 57 
1491907591113 56 54 
1491907591136 56 54 
1491907591157 54 54 
1491907591178 54 53 
1491907591194 55 58 
1491907591216 56 59 
1491907591237 56 58 
1491907591253 57 54 
1491907591276 57 54 
1491907591297 55 55 
1491907591318 56 59 
1491907591334 54 57 
1491907591355 56 53 
1491907591376 54 53 
1491907591392 56 55 
1491907591415 55 57 
1491907591436 54 55 
1491907591457 55 54 
1491907591473 56 55 
1491907591496 54 56 
1491907591517 55 56 
1491907591533 56 56 
1491907591555 55 54 
1491907591576 56 56 
1491907591597 56 55 
1491907591618 56 58 
1491907591634 58 56 
1491907591656 58 56 
1491907591677 56 56 
1491907591693 53 55 
1491907591716 54 52 
1491907591737 54 54 
1491907591758 54 55 
1491907591774 55 55 
1491907591796 57 56 
1491907591816 55 55 
1491907591832 55 55 
1491907591855 56 56 
1491907591876 56 55 
1491907591897 56 56 
1491907591913 56 56 
1491907591936 56 57 
1491907591957 55 56 
1491907591973 54 55 
1491907591995 54 54 
1491907592016 56 55 
1491907592037 55 57 
1491907592058 56 57 
1491907592074 56 56 
1491907592096 56 53 
1491907592117 55 56 
1491907592133 55 55 
1491907592156 56 56 
1491907592177 56 54 
1491907592198 56 57 
1491907592214 56 56 
1491907592236 57 56 
1491907592257 56 57 
1491907592273 54 56 
1491907592296 56 56 
1491907592317 55 55 
1491907592337 56 56 
1491907592353 55 56 
1491907592375 57 55 
1491907592396 56 55 
1491907592402 56 55 
1491907592433 54 57 
1491907592455 56 56 
1491907592476 57 56 
1491907592497 56 55 
1491907592513 55 57 
1491907592536 55 56 
1491907592557 56 54 
1491907592573 56 56 
1491907592596 56 56 
1491907592617 56 57 
1491907592638 57 55 
1491907592654 56 56 
1491907592676 56 55 
1491907592697 55 55 
1491907592713 56 55 
1491907592736 53 54 
1491907592757 55 56 
1491907592777 57 57 
1491907592794 57 56 
1491907592815 56 55 
1491907592836 56 57 
1491907592852 55 56 
1491907592875 56 55 
1491907592896 55 55 
1491907592917 57 56 
1491907592933 56 57 
1491907592955 55 56 
1491907592976 56 56 
1491907592997 55 55 
1491907593013 56 55 
1491907593036 55 55 
1491907593057 56 58 
1491907593073 55 55 
1491907593096 57 55 
1491907593117 56 54 
1491907593133 56 56 
1491907593156 57 56 
1491907593177 56 57 
1491907593193 56 56 
1491907593216 55 56 
1491907593237 55 56 
1491907593252 56 57 
1491907593275 56 58 
1491907593296 55 55 
1491907593312 56 56 
1491907593335 58 55 
1491907593356 55 58 
1491907593377 56 56 
1491907593393 56 56 
1491907593416 57 55 
1491907593437 56 56 
1491907593453 56 56 
1491907593475 57 57 
1491907593496 57 57 
1491907593517 57 56 
1491907593533 55 56 
1491907593556 56 55 
1491907593577 55 55 
1491907593593 57 57 
1491907593616 54 56 
1491907593637 57 55 
1491907593653 54 55 
1491907593676 55 56 
1491907593696 56 56 
1491907593713 57 56 
1491907593735 57 56 
1491907593756 57 58 
1491907593772 57 56 
1491907593795 58 58 
1491907593816 57 57 
1491907593837 55 55 
1491907593853 56 57 
1491907593896 113 113 
1491907593933 113 114 
1491907593956 56 56 
1491907593977 56 57 
1491907593993 56 56 
1491907594016 56 54 
1491907594037 53 52 
1491907594053 54 55 
1491907594076 54 54 
1491907594097 52 53 
1491907594113 51 50 
1491907594136 50 50 
1491907594157 51 49 
1491907594173 49 49 
1491907594195 47 50 
1491907594216 45 47 
1491907594222 48 45 
1491907594253 49 45 
1491907594275 47 47 
1491907594296 44 46 
1491907594317 46 45 
1491907594333 44 45 
1491907594355 45 44 
1491907594376 44 43 
1491907594397 41 43 
1491907594413 40 42 
1491907594436 40 41 
1491907594457 41 40 
1491907594473 40 40 
1491907594496 39 38 
1491907594517 39 38 
1491907594533 38 39 
1491907594556 37 37 
1491907594577 36 37 
1491907594593 37 36 
1491907594615 36 36 
1491907594636 36 36 
1491907594657 35 36 
1491907594673 34 34 
1491907594695 34 33 
1491907594716 35 34 
1491907594732 32 33 
1491907594755 31 33 
1491907594776 33 31 
1491907594797 32 32 
1491907594813 30 31 
1491907594836 30 31 
1491907594857 31 29 
1491907594873 30 29 
1491907594896 28 29 
1491907594917 29 30 
1491907594933 29 28 
1491907594956 28 28 
1491907594977 27 28 
1491907594993 29 29 
1491907595016 27 26 
1491907595037 25 27 
1491907595053 26 25 
1491907595075 27 26 
1491907595096 25 25 
1491907595112 25 25 
1491907595135 24 26 
1491907595156 26 24 
1491907595172 24 23 
1491907595195 22 24 
1491907595216 22 23 
1491907595237 23 23 
1491907595253 24 22 
1491907595276 22 23 
1491907595297 21 23 
1491907595313 20 20 
1491907595336 23 21 
1491907595357 22 22 
1491907595378 21 22 
1491907595394 19 20 
1491907595416 21 19 
1491907595453 40 42 
1491907595476 20 20 
1491907595497 19 20 
1491907595513 18 18 
1491907595536 17 19 
1491907595556 19 17 
1491907595572 19 18 
1491907595595 18 16 
1491907595616 16 16 
1491907595632 16 16 
1491907595676 35 35 
1491907595713 33 33 
1491907595736 15 15 
1491907595757 15 15 
1491907595773 15 16 
1491907595796 17 16 
1491907595817 17 16 
1491907595833 16 16 
1491907595856 15 14 
1491907595877 12 13 
1491907595893 13 13 
1491907595916 14 14 
1491907595937 15 15 
1491907595958 16 15 
1491907595974 15 14 
1491907595995 13 13 
1491907596016 11 11 
1491907596032 10 10 
1491907596055 12 12 
1491907596076 14 13 
1491907596082 14 14 
1491907596113 14 13 
1491907596135 12 12 
1491907596156 11 11 
1491907596177 10 10 
1491907596193 11 10 
1491907596215 11 11 
1491907596236 12 12 
1491907596257 11 12 
1491907596273 11 11 
1491907596296 11 10 
1491907596317 10 10 
1491907596333 9 10 
1491907596356 11 9 
1491907596377 9 10 
1491907596398 10 10 
1491907596413 8 10 
1491907596435 9 8 
1491907596456 10 10 
1491907596472 9 10 
1491907596495 10 10 
1491907596516 8 10 
1491907596537 9 9 
1491907596553 9 9 
1491907596575 9 9 
1491907596596 9 8 
1491907596617 8 9 
1491907596633 9 9 
1491907596655 8 9 
1491907596676 10 9 
1491907596697 10 11 
1491907596713 10 9 
1491907596736 10 10 
1491907596757 9 9 
1491907596773 10 10 
1491907596796 10 9 
1491907596817 11 10 
ROTATE: 1.57080
1491907596838 6 7 
1491907596875 -3 -3 
1491907596896 0 0 
1491907596912 0 0 
1491907596935 0 0 
1491907596956 2 -1 
1491907596977 3 -2 
1491907596993 4 -2 
1491907597015 5 -2 
1491907597036 5 -3 
1491907597057 4 -6 
1491907597073 3 -5 
1491907597095 4 -7 
1491907597116 6 -7 
1491907597137 8 -10 
1491907597153 7 -8 
1491907597176 9 -10 
1491907597197 13 -13 
1491907597213 13 -13 
1491907597236 18 -15 
1491907597257 17 -16 
1491907597278 22 -19 
1491907597294 21 -18 
1491907597316 19 -18 
1491907597337 19 -18 
1491907597352 20 -20 
1491907597375 19 -19 
1491907597396 15 -20 
1491907597417 17 -17 
1491907597433 18 -18 
1491907597455 18 -19 
1491907597476 18 -16 
1491907597492 18 -18 
1491907597515 17 -20 
1491907597536 19 -17 
1491907597557 20 -18 
1491907597573 20 -18 
1491907597596 19 -18 
1491907597617 19 -19 
1491907597633 17 -19 
1491907597655 19 -19 
1491907597676 19 -18 
1491907597697 19 -18 
1491907597713 17 -17 
1491907597736 18 -20 
1491907597757 19 -20 
1491907597773 18 -17 
1491907597796 19 -18 
1491907597817 19 -18 
1491907597833 19 -18 
1491907597855 19 -19 
1491907597876 19 -19 
1491907597892 20 -19 
1491907597915 22 -19 
1491907597936 20 -17 
1491907597952 19 -19 
1491907597975 17 -21 
1491907597996 18 -21 
1491907598017 19 -20 
1491907598033 18 -19 
1491907598056 19 -17 
1491907598061 19 -19 
1491907598093 18 -18 
1491907598115 20 -19 
1491907598136 19 -19 
1491907598157 20 -18 
1491907598173 20 -18 
1491907598196 19 -20 
1491907598217 20 -19 
1491907598233 20 -20 
1491907598256 19 -20 
1491907598277 19 -19 
1491907598293 19 -19 
1491907598315 18 -19 
1491907598336 20 -20 
1491907598352 20 -19 
1491907598375 19 -19 
1491907598396 19 -19 
1491907598412 19 -19 
1491907598435 20 -20 
1491907598456 21 -19 
1491907598477 20 -19 
1491907598493 19 -19 
1491907598515 19 -20 
1491907598536 19 -20 
1491907598557 20 -20 
1491907598573 20 -19 
1491907598596 21 -19 
1491907598617 19 -20 
1491907598633 19 -19 
1491907598656 18 -18 
1491907598677 19 -19 
1491907598693 20 -17 
1491907598716 18 -18 
1491907598736 17 -17 
1491907598752 16 -17 
1491907598775 17 -17 
1491907598796 16 -16 
1491907598812 16 -14 
1491907598835 15 -15 
1491907598856 15 -14 
1491907598862 14 -15 
1491907598893 12 -13 
1491907598915 13 -12 
1491907598936 14 -12 
1491907598957 13 -12 
1491907598973 12 -10 
1491907598995 13 -12 
1491907599016 12 -13 
1491907599037 11 -13 
1491907599053 10 -10 
1491907599075 11 -11 
1491907599096 11 -11 
1491907599117 11 -9 
1491907599133 9 -8 
1491907599156 9 -8 
1491907599177 9 -9 
1491907599193 10 -10 
1491907599215 9 -8 
1491907599236 8 -8 
1491907599252 9 -9 
1491907599275 8 -10 
1491907599296 8 -7 
1491907599302 8 -8 
1491907599333 7 -7 
1491907599355 7 -7 
1491907599376 7 -7 
1491907599381 7 -5 
1491907599413 7 -6 
1491907599436 7 -6 
1491907599457 8 -6 
1491907599473 7 -7 
1491907599496 8 -7 
1491907599517 9 -7 
1491907599533 8 -8 
1491907599556 7 -8 
1491907599577 8 -7 
1491907599593 8 -6 
1491907599616 7 -8 
1491907599637 6 -7 
1491907599653 7 -6 
1491907599675 7 -6 
1491907599696 6 -7 
1491907599712 7 -5 
1491907599735 8 -6 
1491907599760 8 -6 
1491907599762 8 -7 
1491907599793 8 -6 
1491907599815 8 -7 
1491907599836 8 -7 
1491907599852 8 -8 
1491907599875 8 -7 
1491907599896 6 -7 
1491907599917 5 -7 
1491907599933 6 -8 
1491907599955 5 -6 
1491907599976 6 -6 
1491907599997 5 -6 
1491907600018 8 -7 
1491907600034 7 -5 
1491907600056 8 -5 
1491907600077 9 -6 
1491907600093 10 -6 
1491907600115 8 -7 
1491907600136 8 -7 
1491907600157 9 -8 
1491907600173 8 -9 
1491907600195 7 -7 
1491907600216 7 -7 
1491907600232 7 -9 
1491907600255 9 -8 
1491907600276 7 -6 
1491907600292 7 -7 
1491907600315 7 -7 
1491907600336 8 -6 
STOP
1491907600357 8 -5 
1491907600373 9 -6 
1491907600395 5 -4 
1491907600416 -2 2 
