1491907851791 0 0 
1491907851821 0 0 
1491907851852 0 0 
1491907851874 0 0 
1491907851895 0 0 
1491907851916 0 0 
1491907851932 0 0 
1491907851955 0 0 
1491907851976 0 0 
1491907851992 0 0 
1491907852015 0 0 
1491907852036 0 0 
1491907852052 0 0 
1491907852075 0 0 
1491907852096 0 0 
1491907852111 0 0 
1491907852134 0 0 
1491907852155 0 0 
1491907852171 0 0 
1491907852194 0 0 
1491907852215 0 0 
1491907852236 0 0 
1491907852252 0 0 
1491907852274 0 0 
1491907852295 0 0 
1491907852316 0 0 
1491907852321 0 0 
1491907852353 0 0 
1491907852375 0 0 
1491907852396 0 0 
1491907852412 0 0 
1491907852435 0 0 
1491907852456 0 0 
1491907852477 0 0 
1491907852493 0 0 
1491907852515 0 0 
1491907852535 0 0 
1491907852552 0 0 
1491907852574 0 0 
1491907852595 0 0 
1491907852616 0 0 
1491907852632 0 0 
1491907852654 0 0 
1491907852675 0 0 
1491907852691 0 0 
1491907852714 0 0 
1491907852735 0 0 
1491907852756 0 0 
1491907852772 0 0 
STRAIGHT: 3.00000
1491907852795 0 0 
1491907852816 0 0 
1491907852832 0 0 
1491907852855 0 0 
1491907852876 0 0 
1491907852892 0 0 
1491907852915 0 0 
1491907852936 0 0 
1491907852952 0 0 
1491907852975 2 2 
1491907852996 5 7 
1491907853012 4 6 
1491907853034 5 4 
1491907853055 6 5 
1491907853061 6 7 
1491907853092 8 8 
1491907853114 10 10 
1491907853135 11 10 
1491907853151 12 14 
1491907853174 13 14 
1491907853195 15 15 
1491907853216 16 15 
1491907853232 15 17 
1491907853255 17 18 
1491907853276 19 19 
1491907853292 21 20 
1491907853315 21 20 
1491907853336 20 21 
1491907853357 21 22 
1491907853373 22 22 
1491907853395 25 26 
1491907853416 27 27 
1491907853432 26 26 
1491907853455 28 29 
1491907853476 28 28 
1491907853497 30 31 
1491907853512 30 31 
1491907853534 33 32 
1491907853555 34 33 
1491907853594 70 71 
1491907853615 37 37 
1491907853636 37 37 
1491907853652 39 39 
1491907853675 39 41 
1491907853696 42 41 
1491907853712 43 43 
1491907853734 43 43 
1491907853755 45 46 
1491907853776 45 45 
1491907853792 48 46 
1491907853815 46 48 
1491907853836 47 47 
1491907853852 46 46 
1491907853875 47 47 
1491907853896 47 47 
1491907853912 47 48 
1491907853934 48 49 
1491907853955 47 47 
1491907853961 46 47 
1491907853992 46 46 
1491907854014 45 46 
1491907854035 47 46 
1491907854051 48 47 
1491907854075 50 50 
1491907854096 48 48 
1491907854112 48 47 
1491907854135 47 47 
1491907854156 46 47 
1491907854172 47 47 
1491907854194 47 46 
1491907854236 95 95 
1491907854252 49 48 
1491907854275 45 46 
1491907854296 46 46 
1491907854312 49 49 
1491907854335 49 49 
1491907854356 48 49 
1491907854372 46 46 
1491907854395 46 46 
1491907854415 47 46 
1491907854431 47 47 
1491907854454 48 49 
1491907854475 49 48 
1491907854491 49 48 
1491907854514 49 49 
1491907854535 48 48 
1491907854556 49 49 
1491907854572 48 48 
1491907854594 48 49 
1491907854615 49 48 
1491907854636 48 49 
1491907854652 48 48 
1491907854675 47 48 
1491907854696 48 48 
1491907854712 49 49 
1491907854735 48 47 
1491907854756 48 49 
1491907854772 49 49 
1491907854795 48 48 
1491907854816 49 48 
1491907854832 49 50 
1491907854855 49 49 
1491907854876 48 48 
1491907854892 50 48 
1491907854914 49 49 
1491907854935 48 49 
1491907854941 49 49 
1491907854972 48 49 
1491907854994 49 49 
1491907855015 49 49 
1491907855031 48 49 
1491907855054 50 49 
1491907855075 50 49 
1491907855096 49 50 
1491907855112 49 49 
1491907855135 49 48 
1491907855156 49 49 
1491907855172 49 49 
1491907855195 49 49 
1491907855216 49 50 
1491907855237 49 49 
1491907855253 50 48 
1491907855275 49 48 
1491907855296 49 49 
1491907855312 49 49 
1491907855335 50 50 
1491907855356 49 50 
1491907855376 50 50 
1491907855392 50 49 
1491907855414 49 50 
1491907855435 49 50 
1491907855451 49 49 
1491907855474 49 50 
1491907855495 50 49 
1491907855516 50 50 
1491907855532 49 49 
1491907855554 50 50 
1491907855575 50 51 
1491907855596 50 48 
1491907855612 50 49 
1491907855634 50 50 
1491907855655 50 50 
1491907855676 50 51 
1491907855692 49 48 
1491907855715 50 50 
1491907855736 49 49 
1491907855752 51 51 
1491907855775 50 50 
1491907855796 50 49 
1491907855817 50 50 
1491907855833 50 52 
1491907855854 51 50 
1491907855875 50 51 
1491907855891 50 49 
1491907855914 49 50 
1491907855935 50 50 
1491907855956 51 51 
1491907855972 51 50 
1491907855994 50 50 
1491907856015 51 51 
1491907856020 49 50 
1491907856052 50 51 
1491907856074 50 49 
1491907856095 51 51 
1491907856116 52 50 
1491907856132 49 51 
1491907856155 51 50 
1491907856176 49 49 
1491907856192 48 50 
1491907856215 48 49 
1491907856236 52 52 
1491907856252 53 52 
1491907856275 54 51 
1491907856295 49 51 
1491907856311 48 48 
1491907856334 48 47 
1491907856355 51 48 
1491907856371 49 50 
1491907856394 51 51 
1491907856415 52 52 
1491907856436 52 52 
1491907856452 51 51 
1491907856474 51 50 
1491907856495 51 51 
1491907856516 51 52 
1491907856532 53 52 
1491907856555 51 51 
1491907856576 51 52 
1491907856592 51 51 
1491907856615 51 51 
1491907856636 50 51 
1491907856652 50 51 
1491907856675 52 52 
1491907856696 51 51 
1491907856712 50 50 
1491907856735 50 50 
1491907856756 51 50 
1491907856771 52 52 
1491907856794 50 51 
1491907856815 44 44 
1491907856821 47 46 
1491907856852 52 50 
1491907856874 54 55 
1491907856895 54 54 
1491907856911 53 52 
1491907856934 51 51 
1491907856955 53 52 
1491907856976 54 55 
1491907856992 53 52 
1491907857015 53 50 
1491907857036 52 51 
1491907857052 52 52 
1491907857074 53 53 
1491907857095 52 52 
1491907857116 52 52 
1491907857132 53 51 
1491907857155 53 52 
1491907857176 52 53 
1491907857192 49 51 
1491907857214 49 50 
1491907857235 50 50 
1491907857256 50 50 
1491907857272 50 51 
1491907857294 52 51 
1491907857315 52 51 
1491907857331 52 52 
1491907857354 52 52 
1491907857375 52 52 
1491907857396 52 52 
1491907857412 53 52 
1491907857434 52 52 
1491907857455 52 52 
1491907857476 52 52 
1491907857492 51 53 
1491907857514 51 51 
1491907857535 51 52 
1491907857556 52 52 
1491907857572 52 52 
1491907857595 52 53 
1491907857616 52 52 
1491907857632 51 50 
1491907857655 53 52 
1491907857676 52 53 
1491907857697 52 53 
1491907857713 52 51 
1491907857734 51 52 
1491907857755 52 51 
1491907857771 52 52 
1491907857794 53 52 
1491907857815 51 52 
1491907857836 53 53 
1491907857852 52 53 
1491907857874 53 52 
1491907857895 52 52 
1491907857901 52 52 
1491907857932 51 53 
1491907857954 53 53 
1491907857975 53 52 
1491907857996 52 52 
1491907858012 53 53 
1491907858035 52 53 
1491907858056 52 50 
1491907858072 52 52 
1491907858095 53 52 
1491907858116 54 53 
1491907858137 51 53 
1491907858153 51 51 
1491907858175 52 51 
1491907858195 52 51 
1491907858211 51 53 
1491907858234 52 52 
1491907858255 51 52 
1491907858276 52 51 
1491907858292 52 52 
1491907858314 53 53 
1491907858335 53 53 
1491907858351 52 51 
1491907858374 52 53 
1491907858395 52 53 
1491907858416 53 52 
1491907858432 52 53 
1491907858455 53 52 
1491907858476 52 53 
1491907858492 51 51 
1491907858515 53 51 
1491907858536 52 53 
1491907858557 53 54 
1491907858573 53 53 
1491907858595 53 52 
1491907858616 53 52 
1491907858632 52 52 
1491907858654 54 55 
1491907858675 53 54 
1491907858691 52 53 
1491907858714 51 50 
1491907858735 50 51 
1491907858741 52 51 
1491907858772 52 51 
1491907858794 52 52 
1491907858815 53 53 
1491907858831 53 53 
1491907858855 54 53 
1491907858876 53 53 
1491907858892 53 55 
1491907858915 52 53 
1491907858936 53 51 
1491907858952 53 53 
1491907858974 53 53 
1491907859016 105 108 
1491907859032 53 51 
1491907859055 52 52 
1491907859076 51 52 
1491907859092 53 53 
1491907859115 54 52 
1491907859136 53 54 
1491907859152 53 52 
1491907859174 53 53 
1491907859195 53 53 
1491907859211 53 53 
1491907859234 52 54 
1491907859255 53 52 
1491907859271 54 52 
1491907859294 54 54 
1491907859315 53 54 
1491907859336 53 54 
1491907859352 51 52 
1491907859374 53 52 
1491907859395 53 53 
1491907859416 54 53 
1491907859421 54 55 
1491907859453 53 54 
1491907859475 53 53 
1491907859496 53 52 
1491907859512 53 52 
1491907859535 54 53 
1491907859556 53 55 
1491907859577 55 54 
1491907859593 53 52 
1491907859615 54 53 
1491907859635 53 54 
1491907859651 52 53 
1491907859674 53 53 
1491907859695 53 54 
1491907859716 54 54 
1491907859732 54 54 
1491907859754 54 53 
1491907859775 54 53 
1491907859791 52 54 
1491907859814 54 52 
1491907859835 53 51 
1491907859856 53 53 
1491907859872 55 56 
1491907859895 56 55 
1491907859916 54 53 
1491907859932 50 50 
1491907859955 51 51 
1491907859976 52 52 
1491907859992 53 52 
1491907860015 54 55 
1491907860036 55 56 
1491907860052 54 54 
1491907860075 57 54 
1491907860111 107 108 
1491907860134 55 55 
1491907860155 57 56 
1491907860161 54 54 
1491907860192 54 54 
1491907860214 53 53 
1491907860235 54 52 
1491907860251 53 53 
1491907860274 54 55 
1491907860295 54 54 
1491907860316 54 55 
1491907860332 54 54 
1491907860355 54 54 
1491907860376 54 54 
1491907860392 53 54 
1491907860415 48 49 
1491907860436 48 47 
1491907860452 54 53 
1491907860475 57 58 
1491907860496 59 57 
1491907860512 56 55 
1491907860535 54 54 
1491907860556 55 55 
1491907860572 58 56 
1491907860594 57 56 
1491907860615 56 55 
1491907860631 54 54 
1491907860654 55 55 
1491907860675 54 56 
1491907860681 57 55 
1491907860712 56 55 
1491907860734 55 56 
1491907860755 55 56 
1491907860776 56 55 
1491907860792 54 54 
1491907860814 52 51 
1491907860835 51 53 
1491907860856 53 53 
1491907860861 55 54 
1491907860893 55 55 
1491907860936 109 112 
1491907860952 54 54 
1491907860975 55 56 
1491907860996 55 55 
1491907861017 56 57 
1491907861033 55 54 
1491907861054 55 54 
1491907861075 54 54 
1491907861091 55 54 
1491907861114 54 55 
1491907861135 55 55 
1491907861151 54 55 
1491907861174 54 55 
1491907861195 55 53 
1491907861216 56 55 
1491907861232 54 56 
1491907861254 54 55 
1491907861275 54 54 
1491907861296 56 55 
1491907861301 55 56 
1491907861333 55 55 
1491907861355 54 55 
1491907861376 54 55 
1491907861392 55 55 
1491907861415 55 54 
1491907861436 54 55 
1491907861457 56 57 
1491907861473 56 56 
1491907861494 55 54 
1491907861515 56 54 
1491907861531 54 55 
1491907861554 54 55 
1491907861575 52 55 
1491907861596 55 55 
1491907861612 56 55 
1491907861634 56 56 
1491907861655 55 56 
1491907861661 54 55 
1491907861692 54 52 
1491907861714 54 53 
1491907861735 53 54 
1491907861756 55 55 
1491907861772 54 54 
1491907861795 54 55 
1491907861816 54 54 
1491907861832 55 55 
1491907861855 55 55 
1491907861876 55 56 
1491907861897 55 54 
1491907861913 56 56 
1491907861935 54 55 
1491907861956 56 55 
1491907861972 54 54 
1491907861994 54 54 
1491907862015 54 54 
1491907862036 57 56 
1491907862052 55 56 
1491907862074 55 55 
1491907862095 54 55 
1491907862101 54 53 
1491907862132 54 55 
1491907862154 55 55 
1491907862175 56 56 
1491907862196 56 55 
1491907862212 54 54 
1491907862235 54 53 
1491907862256 54 55 
1491907862272 54 54 
1491907862295 54 54 
1491907862316 54 55 
1491907862337 56 56 
1491907862353 56 56 
1491907862375 55 56 
1491907862396 55 55 
1491907862412 55 55 
1491907862434 56 54 
1491907862455 56 55 
1491907862476 56 58 
1491907862492 54 54 
1491907862514 56 54 
1491907862535 54 54 
1491907862541 54 54 
1491907862572 55 56 
1491907862594 54 55 
1491907862615 55 55 
1491907862636 55 55 
1491907862652 56 55 
1491907862675 55 57 
1491907862696 55 55 
1491907862712 55 55 
1491907862735 55 54 
1491907862756 56 56 
1491907862772 55 55 
1491907862816 111 112 
1491907862855 110 108 
1491907862876 54 55 
1491907862896 56 55 
1491907862934 111 112 
1491907862955 56 55 
1491907862971 55 55 
1491907862994 56 57 
1491907863015 54 56 
1491907863036 55 54 
1491907863052 56 54 
1491907863075 54 55 
1491907863096 56 56 
1491907863112 55 55 
1491907863134 55 55 
1491907863155 56 55 
1491907863176 56 56 
1491907863197 56 56 
1491907863213 55 55 
1491907863235 55 56 
1491907863256 55 55 
1491907863272 56 54 
1491907863295 55 56 
1491907863316 55 56 
1491907863337 57 58 
1491907863353 56 55 
1491907863375 56 55 
1491907863396 55 55 
1491907863412 55 56 
1491907863435 55 56 
1491907863455 55 55 
1491907863476 57 55 
1491907863492 55 55 
1491907863514 56 56 
1491907863535 55 54 
1491907863556 54 55 
1491907863572 56 56 
1491907863594 56 56 
1491907863615 56 56 
1491907863636 56 57 
1491907863652 54 55 
1491907863675 56 55 
1491907863696 56 56 
1491907863712 56 56 
1491907863735 56 56 
1491907863756 55 56 
1491907863777 57 55 
1491907863793 55 55 
1491907863815 55 55 
1491907863836 56 55 
1491907863852 54 55 
1491907863874 57 56 
1491907863895 57 57 
1491907863916 58 57 
1491907863932 55 57 
1491907863954 53 54 
1491907863975 55 54 
1491907863996 55 54 
1491907864012 55 56 
1491907864034 56 56 
1491907864076 113 112 
1491907864092 56 56 
1491907864115 56 56 
1491907864136 55 56 
1491907864152 57 56 
1491907864175 55 56 
1491907864196 56 56 
1491907864217 57 56 
1491907864233 55 56 
1491907864255 56 56 
1491907864276 55 56 
1491907864292 56 55 
1491907864315 57 55 
1491907864336 55 58 
1491907864357 56 56 
1491907864373 56 55 
1491907864394 55 54 
1491907864415 56 56 
1491907864421 56 57 
1491907864452 56 56 
1491907864474 56 55 
1491907864495 57 57 
1491907864516 56 56 
1491907864532 56 56 
1491907864555 57 56 
1491907864576 55 56 
1491907864592 56 56 
1491907864615 56 56 
1491907864636 57 57 
1491907864652 56 57 
1491907864675 55 56 
1491907864696 55 55 
1491907864712 56 54 
1491907864735 55 55 
1491907864756 57 57 
1491907864772 56 56 
1491907864795 57 56 
1491907864816 57 56 
1491907864821 56 56 
1491907864853 56 57 
1491907864874 55 57 
1491907864895 57 55 
1491907864901 56 55 
1491907864932 56 57 
1491907864954 56 54 
1491907864975 57 51 
1491907864996 56 51 
1491907865012 57 55 
1491907865034 56 57 
1491907865055 59 59 
1491907865076 59 60 
1491907865092 54 58 
1491907865115 53 53 
1491907865136 53 51 
1491907865152 53 53 
1491907865175 55 55 
1491907865196 56 56 
1491907865217 59 57 
1491907865233 57 56 
1491907865255 57 59 
1491907865276 57 58 
1491907865292 58 57 
1491907865314 56 58 
1491907865335 58 59 
1491907865351 57 57 
1491907865374 56 58 
1491907865395 55 57 
1491907865416 55 56 
1491907865432 56 55 
1491907865454 55 53 
1491907865475 54 54 
1491907865496 53 52 
1491907865501 53 53 
1491907865533 52 52 
1491907865555 50 52 
1491907865576 45 45 
1491907865592 44 45 
1491907865615 47 48 
1491907865636 50 50 
1491907865657 52 53 
1491907865673 48 48 
1491907865695 47 45 
1491907865716 48 47 
1491907865732 48 47 
1491907865755 46 46 
1491907865775 45 44 
1491907865796 44 42 
1491907865812 44 43 
1491907865834 43 44 
1491907865855 42 44 
1491907865876 40 40 
1491907865892 38 40 
1491907865914 38 39 
1491907865935 39 38 
1491907865956 38 38 
1491907865972 39 39 
1491907865995 39 36 
1491907866016 36 37 
1491907866032 35 37 
1491907866055 35 36 
1491907866076 36 36 
1491907866097 35 35 
1491907866113 35 36 
1491907866135 35 34 
1491907866156 34 34 
1491907866195 65 66 
1491907866216 32 33 
1491907866237 32 32 
1491907866253 31 32 
1491907866274 32 31 
1491907866295 29 30 
1491907866301 30 29 
1491907866332 31 29 
1491907866354 28 30 
1491907866375 27 28 
1491907866396 28 28 
1491907866412 29 26 
1491907866435 27 28 
1491907866456 26 28 
1491907866472 27 26 
1491907866495 27 27 
1491907866516 26 25 
1491907866532 25 25 
1491907866555 26 26 
1491907866576 26 25 
1491907866592 23 24 
1491907866615 23 24 
1491907866636 24 24 
1491907866652 24 23 
1491907866675 22 23 
1491907866696 22 22 
1491907866716 22 23 
1491907866732 23 21 
1491907866754 22 23 
1491907866775 20 21 
1491907866796 20 20 
1491907866812 21 20 
1491907866835 20 21 
1491907866856 21 21 
1491907866872 20 21 
1491907866895 18 17 
1491907866916 19 18 
1491907866932 18 19 
1491907866955 21 21 
1491907866976 19 19 
1491907866992 18 18 
1491907867015 16 16 
1491907867036 17 16 
1491907867052 17 17 
1491907867075 18 20 
1491907867096 18 18 
1491907867112 16 15 
1491907867135 15 15 
1491907867156 15 14 
1491907867172 15 16 
1491907867195 17 17 
1491907867215 17 17 
1491907867236 17 15 
1491907867252 13 15 
1491907867275 12 12 
1491907867296 13 13 
1491907867312 16 13 
1491907867334 15 17 
1491907867355 16 16 
1491907867376 15 15 
1491907867397 13 12 
1491907867413 10 11 
1491907867435 10 12 
1491907867456 13 12 
1491907867472 14 13 
1491907867495 14 14 
1491907867516 13 14 
1491907867537 13 12 
1491907867553 11 12 
1491907867575 9 10 
1491907867596 11 10 
1491907867612 10 11 
1491907867635 13 11 
1491907867656 11 12 
1491907867676 12 12 
1491907867692 12 11 
1491907867714 11 11 
1491907867735 10 11 
1491907867756 9 10 
1491907867772 10 9 
1491907867794 10 10 
1491907867815 10 11 
1491907867836 11 10 
1491907867852 10 11 
1491907867875 11 10 
1491907867896 10 10 
1491907867912 11 11 
1491907867935 10 9 
1491907867956 10 8 
1491907867977 9 9 
1491907867993 10 10 
1491907868015 9 9 
1491907868036 10 9 
1491907868052 10 9 
1491907868075 9 10 
1491907868096 10 10 
1491907868117 10 9 
1491907868132 11 10 
1491907868154 10 11 
1491907868175 9 10 
1491907868196 10 10 
1491907868212 9 9 
ROTATE: 1.57080
1491907868234 9 8 
1491907868276 -3 -3 
1491907868292 0 0 
1491907868315 0 0 
1491907868336 0 0 
1491907868352 2 -2 
1491907868375 2 -2 
1491907868396 4 -4 
1491907868417 4 -1 
1491907868433 4 -4 
1491907868455 3 -5 
1491907868476 5 -9 
1491907868492 5 -7 
1491907868515 7 -8 
1491907868536 8 -8 
1491907868557 12 -10 
1491907868573 12 -10 
1491907868596 14 -13 
1491907868617 14 -15 
1491907868632 17 -16 
1491907868654 18 -19 
1491907868675 20 -20 
1491907868696 20 -17 
1491907868712 20 -16 
1491907868735 21 -20 
1491907868756 20 -20 
1491907868772 19 -20 
1491907868795 18 -17 
1491907868816 18 -17 
1491907868837 18 -18 
1491907868853 18 -17 
1491907868875 18 -17 
1491907868896 19 -18 
1491907868912 20 -18 
1491907868935 20 -18 
1491907868956 20 -17 
1491907868977 17 -21 
1491907868993 18 -20 
1491907869015 17 -19 
1491907869036 17 -17 
1491907869056 18 -16 
1491907869072 19 -18 
1491907869094 18 -18 
1491907869115 17 -19 
1491907869136 19 -19 
1491907869152 19 -17 
1491907869175 21 -18 
1491907869196 20 -19 
1491907869212 19 -18 
1491907869235 18 -20 
1491907869256 17 -20 
1491907869277 19 -19 
1491907869293 20 -17 
1491907869315 19 -17 
1491907869336 18 -20 
1491907869352 18 -20 
1491907869375 18 -17 
1491907869396 20 -18 
1491907869417 21 -18 
1491907869433 19 -19 
1491907869455 19 -19 
1491907869497 38 -38 
1491907869513 19 -18 
1491907869534 20 -19 
1491907869555 19 -20 
1491907869576 19 -20 
1491907869592 19 -19 
1491907869615 19 -18 
1491907869636 19 -18 
1491907869652 20 -19 
1491907869675 19 -21 
1491907869696 20 -19 
1491907869717 19 -19 
1491907869733 20 -19 
1491907869755 20 -17 
1491907869776 20 -20 
1491907869793 19 -20 
1491907869815 19 -19 
1491907869836 20 -18 
1491907869857 20 -18 
1491907869873 20 -19 
1491907869895 19 -22 
1491907869916 20 -19 
1491907869921 20 -18 
1491907869953 20 -18 
1491907869975 20 -17 
1491907869995 19 -21 
1491907870016 19 -22 
1491907870032 19 -18 
1491907870055 19 -18 
1491907870076 19 -17 
1491907870092 20 -18 
1491907870115 18 -19 
1491907870136 17 -19 
1491907870152 17 -18 
1491907870175 17 -15 
1491907870196 17 -15 
1491907870212 15 -13 
1491907870235 13 -15 
1491907870256 14 -16 
1491907870272 14 -13 
1491907870295 14 -14 
1491907870316 13 -12 
1491907870337 15 -12 
1491907870353 13 -11 
1491907870375 12 -12 
1491907870396 10 -12 
1491907870417 11 -11 
1491907870433 11 -12 
1491907870455 11 -10 
1491907870476 12 -10 
1491907870492 12 -9 
1491907870514 10 -9 
1491907870535 10 -9 
1491907870556 9 -8 
1491907870577 8 -8 
1491907870593 8 -7 
1491907870615 8 -7 
1491907870636 8 -7 
1491907870652 8 -8 
1491907870675 8 -8 
1491907870696 9 -7 
1491907870717 9 -9 
1491907870733 9 -8 
1491907870755 8 -7 
1491907870776 7 -8 
1491907870792 8 -7 
1491907870815 7 -6 
1491907870836 7 -5 
1491907870852 6 -5 
1491907870875 6 -6 
1491907870896 6 -6 
1491907870917 6 -5 
1491907870933 7 -6 
1491907870954 7 -7 
1491907870975 8 -8 
1491907870996 7 -6 
1491907871002 9 -7 
1491907871033 8 -8 
1491907871055 8 -9 
1491907871076 8 -7 
1491907871092 8 -7 
1491907871115 7 -8 
1491907871136 8 -6 
1491907871157 7 -6 
1491907871173 5 -6 
1491907871195 6 -5 
1491907871216 6 -6 
1491907871232 6 -6 
1491907871255 7 -7 
1491907871276 8 -7 
1491907871297 9 -7 
1491907871313 9 -7 
1491907871335 8 -7 
1491907871356 9 -9 
1491907871372 8 -8 
1491907871395 8 -8 
1491907871416 7 -8 
1491907871436 8 -7 
1491907871453 6 -6 
1491907871475 6 -6 
1491907871496 6 -6 
1491907871512 6 -6 
1491907871535 6 -6 
1491907871556 7 -6 
1491907871572 8 -8 
1491907871595 9 -6 
1491907871616 8 -7 
1491907871632 10 -8 
1491907871655 9 -8 
1491907871676 8 -9 
1491907871692 7 -9 
1491907871715 8 -9 
1491907871736 8 -7 
1491907871741 6 -7 
STOP
1491907871773 7 -6 
STRAIGHT: 3.00000
1491907871795 1 -2 
1491907871816 -2 2 
1491907871832 0 0 
1491907871855 0 0 
1491907871876 0 0 
1491907871896 0 0 
1491907871912 1 1 
1491907871935 1 3 
1491907871956 1 3 
1491907871972 2 3 
1491907871995 5 4 
1491907872016 4 6 
1491907872032 5 7 
1491907872055 6 5 
1491907872076 8 7 
1491907872092 7 8 
1491907872115 10 11 
1491907872136 10 10 
1491907872152 13 12 
1491907872175 13 15 
1491907872196 14 17 
1491907872201 16 16 
1491907872233 18 16 
1491907872255 19 17 
1491907872276 18 19 
1491907872292 20 21 
1491907872315 20 21 
1491907872336 23 22 
1491907872356 22 23 
1491907872372 25 25 
1491907872394 24 24 
1491907872415 27 27 
1491907872436 26 27 
1491907872442 29 29 
1491907872473 28 29 
1491907872495 31 31 
1491907872516 33 31 
1491907872532 31 33 
1491907872555 33 34 
1491907872576 36 35 
1491907872597 38 35 
1491907872613 37 37 
1491907872635 38 40 
1491907872656 38 38 
1491907872672 41 37 
1491907872695 41 41 
1491907872716 41 46 
1491907872721 43 45 
1491907872753 47 45 
1491907872775 45 46 
1491907872796 48 47 
1491907872817 45 47 
1491907872832 47 45 
1491907872854 48 47 
1491907872875 47 47 
1491907872896 48 48 
1491907872912 46 47 
1491907872935 48 46 
1491907872956 47 48 
1491907872972 47 47 
1491907872995 46 48 
1491907873016 47 47 
1491907873037 47 46 
1491907873053 47 47 
1491907873075 48 48 
1491907873096 47 48 
1491907873112 48 47 
1491907873135 47 46 
1491907873156 48 47 
1491907873177 47 48 
1491907873193 48 48 
1491907873215 47 48 
1491907873236 47 48 
1491907873273 95 94 
1491907873294 48 47 
1491907873315 48 48 
1491907873336 48 47 
1491907873352 47 47 
1491907873375 47 47 
1491907873396 49 47 
1491907873412 48 49 
1491907873435 49 49 
1491907873456 49 49 
1491907873477 50 48 
1491907873493 47 48 
1491907873536 94 96 
1491907873552 47 46 
1491907873575 48 48 
1491907873596 49 50 
1491907873617 49 49 
1491907873633 48 48 
1491907873655 48 47 
1491907873676 47 49 
1491907873681 49 48 
1491907873713 48 48 
1491907873734 48 49 
1491907873755 49 48 
1491907873776 49 48 
1491907873792 48 48 
1491907873815 48 49 
1491907873836 49 47 
1491907873852 48 49 
1491907873875 49 49 
1491907873896 49 49 
1491907873917 49 50 
1491907873933 49 49 
1491907873955 49 49 
1491907873976 48 48 
1491907873992 48 49 
1491907874015 49 49 
1491907874036 49 49 
1491907874057 49 50 
1491907874073 50 49 
1491907874095 49 49 
1491907874116 49 49 
1491907874132 48 48 
1491907874155 50 50 
1491907874176 49 49 
1491907874197 50 50 
1491907874213 50 48 
1491907874236 49 49 
1491907874256 48 49 
1491907874272 49 49 
1491907874294 49 49 
1491907874315 50 49 
1491907874336 51 49 
1491907874352 49 50 
1491907874375 50 50 
1491907874396 50 51 
1491907874412 49 49 
1491907874435 49 48 
1491907874456 49 50 
1491907874472 49 50 
1491907874495 50 49 
1491907874516 50 51 
1491907874532 50 49 
1491907874555 49 49 
1491907874576 51 49 
1491907874592 50 49 
1491907874615 50 52 
1491907874636 50 51 
1491907874657 51 50 
1491907874673 49 50 
1491907874695 49 49 
1491907874715 49 50 
1491907874736 49 50 
1491907874752 50 50 
1491907874775 50 50 
1491907874796 51 49 
1491907874812 50 50 
1491907874835 50 49 
1491907874856 49 51 
1491907874872 51 50 
1491907874895 50 51 
1491907874916 51 49 
1491907874932 50 51 
1491907874955 50 50 
1491907874976 50 51 
1491907874992 50 50 
1491907875015 51 49 
1491907875036 50 51 
1491907875052 50 50 
1491907875075 51 52 
1491907875096 51 51 
1491907875117 51 50 
1491907875133 49 50 
1491907875155 50 50 
1491907875175 52 50 
1491907875196 51 50 
1491907875212 52 53 
1491907875235 50 51 
1491907875256 51 50 
1491907875272 50 50 
1491907875295 49 50 
1491907875316 51 50 
1491907875332 51 51 
1491907875355 52 51 
1491907875376 51 51 
1491907875392 51 50 
1491907875415 50 51 
1491907875436 50 51 
1491907875452 50 52 
1491907875475 50 49 
1491907875496 52 51 
1491907875517 52 51 
1491907875533 52 53 
1491907875555 52 52 
1491907875576 51 49 
1491907875581 51 50 
1491907875613 50 50 
1491907875635 49 51 
1491907875655 52 52 
1491907875676 51 52 
1491907875692 52 51 
1491907875715 50 51 
1491907875736 51 51 
1491907875752 50 52 
1491907875775 52 50 
1491907875796 51 52 
1491907875812 52 51 
1491907875835 51 50 
1491907875856 51 50 
1491907875872 51 52 
1491907875895 50 51 
1491907875916 51 51 
1491907875937 51 51 
1491907875953 51 51 
1491907875975 51 52 
1491907875996 52 51 
1491907876012 52 51 
1491907876035 50 50 
1491907876056 52 52 
1491907876077 52 53 
1491907876093 52 52 
1491907876116 52 51 
1491907876136 51 52 
1491907876152 51 51 
1491907876174 52 52 
1491907876195 53 52 
1491907876216 53 53 
1491907876232 51 51 
1491907876255 50 52 
1491907876276 51 50 
1491907876292 49 49 
1491907876315 52 50 
1491907876336 52 52 
1491907876352 53 52 
1491907876375 52 52 
1491907876396 52 51 
1491907876412 53 52 
1491907876435 52 53 
1491907876456 51 53 
1491907876472 51 51 
1491907876495 52 51 
1491907876516 53 52 
1491907876521 53 54 
1491907876553 52 53 
1491907876575 51 50 
1491907876596 52 50 
1491907876612 51 50 
1491907876635 50 53 
1491907876656 52 53 
1491907876677 53 52 
1491907876693 52 52 
1491907876715 52 52 
1491907876736 51 52 
1491907876752 52 52 
1491907876774 53 52 
1491907876795 52 53 
1491907876816 53 52 
1491907876832 52 52 
1491907876855 52 51 
1491907876876 51 53 
1491907876892 52 53 
1491907876915 52 52 
1491907876936 52 50 
1491907876957 54 53 
1491907876973 54 54 
1491907876995 53 53 
1491907877016 53 52 
1491907877032 52 50 
1491907877055 52 52 
1491907877076 52 53 
1491907877097 52 53 
1491907877113 53 53 
1491907877135 52 51 
1491907877156 51 52 
1491907877172 52 52 
1491907877195 52 52 
1491907877216 53 53 
1491907877237 52 52 
1491907877253 53 52 
1491907877275 52 52 
1491907877296 52 52 
1491907877312 52 52 
1491907877334 52 53 
1491907877355 54 52 
1491907877376 53 54 
1491907877392 53 52 
1491907877415 53 53 
1491907877436 52 52 
1491907877452 52 52 
1491907877475 52 51 
1491907877496 52 53 
1491907877512 54 53 
1491907877535 53 53 
1491907877556 53 53 
1491907877572 53 53 
1491907877595 54 52 
1491907877616 51 52 
1491907877632 53 53 
1491907877655 52 53 
1491907877676 54 54 
1491907877697 52 52 
1491907877713 53 52 
1491907877735 53 52 
1491907877756 53 52 
1491907877772 52 53 
1491907877794 54 54 
1491907877836 108 106 
1491907877852 53 53 
1491907877875 54 54 
1491907877896 53 52 
1491907877912 52 52 
1491907877935 52 52 
1491907877956 53 53 
1491907877972 53 54 
1491907877995 54 52 
1491907878016 52 53 
1491907878032 53 53 
1491907878055 53 54 
1491907878076 54 53 
1491907878092 53 53 
1491907878115 54 53 
1491907878136 52 53 
1491907878157 54 54 
1491907878173 53 54 
1491907878194 53 53 
1491907878215 54 53 
1491907878236 52 54 
1491907878252 53 54 
1491907878275 54 53 
1491907878296 53 53 
1491907878312 54 53 
1491907878335 54 53 
1491907878356 52 53 
1491907878372 54 54 
1491907878395 54 55 
1491907878416 54 54 
1491907878432 54 53 
1491907878455 53 53 
1491907878476 53 53 
1491907878492 54 54 
1491907878515 53 54 
1491907878536 54 53 
1491907878557 54 53 
1491907878573 53 54 
1491907878595 52 54 
1491907878616 53 54 
1491907878621 54 53 
1491907878653 54 54 
1491907878674 53 54 
1491907878695 54 55 
1491907878716 54 54 
1491907878732 54 52 
1491907878755 54 54 
1491907878776 53 53 
1491907878792 54 53 
1491907878815 53 54 
1491907878836 54 55 
1491907878852 55 53 
1491907878875 54 55 
1491907878896 54 54 
1491907878912 53 54 
1491907878935 52 53 
1491907878956 54 53 
1491907878977 52 52 
1491907878993 55 55 
1491907879015 55 55 
1491907879036 53 54 
1491907879052 53 53 
1491907879075 53 52 
1491907879096 54 54 
1491907879117 54 55 
1491907879133 53 55 
1491907879155 55 54 
1491907879176 56 54 
1491907879192 55 54 
1491907879214 54 55 
1491907879235 54 55 
1491907879256 53 54 
1491907879277 54 55 
1491907879293 54 53 
1491907879315 55 53 
1491907879336 55 54 
1491907879375 107 110 
1491907879396 53 54 
1491907879417 54 53 
1491907879433 54 54 
1491907879455 54 55 
1491907879476 55 54 
1491907879492 54 53 
1491907879515 55 55 
1491907879536 54 54 
1491907879557 55 55 
1491907879573 55 54 
1491907879594 55 54 
1491907879615 54 56 
1491907879636 52 53 
1491907879652 53 54 
1491907879674 54 53 
1491907879695 54 54 
1491907879716 54 55 
1491907879732 55 54 
1491907879755 56 53 
1491907879776 54 54 
1491907879792 55 54 
1491907879815 54 55 
1491907879836 54 53 
1491907879857 55 55 
1491907879873 53 56 
1491907879895 55 55 
1491907879916 54 52 
1491907879932 53 54 
1491907879955 54 55 
1491907879976 55 57 
1491907879997 56 54 
1491907880013 54 54 
1491907880035 55 53 
1491907880056 54 55 
1491907880077 54 55 
1491907880093 55 53 
1491907880114 55 56 
1491907880135 54 54 
1491907880156 55 54 
1491907880172 54 55 
1491907880195 55 56 
1491907880216 54 54 
1491907880232 56 54 
1491907880255 55 54 
1491907880276 55 55 
1491907880292 55 56 
1491907880315 54 55 
1491907880336 55 53 
1491907880352 54 53 
1491907880375 54 56 
1491907880396 55 55 
1491907880412 56 56 
1491907880435 55 54 
1491907880456 55 54 
1491907880461 55 54 
1491907880493 54 55 
1491907880515 55 55 
1491907880536 55 55 
1491907880541 55 55 
1491907880573 55 55 
1491907880595 55 56 
1491907880616 55 55 
1491907880632 55 55 
1491907880654 55 54 
1491907880675 55 55 
1491907880696 55 54 
1491907880717 55 56 
1491907880733 54 55 
1491907880755 55 53 
1491907880776 55 54 
1491907880792 54 55 
1491907880815 55 56 
1491907880836 57 56 
1491907880857 58 56 
1491907880873 55 53 
1491907880895 53 54 
1491907880916 55 53 
1491907880932 54 55 
1491907880955 54 55 
1491907880976 54 54 
1491907880997 57 57 
1491907881013 56 59 
1491907881035 56 57 
1491907881056 55 55 
1491907881076 54 53 
1491907881092 55 53 
1491907881114 56 56 
1491907881135 54 55 
1491907881156 55 56 
1491907881172 54 54 
1491907881195 55 54 
1491907881216 55 55 
1491907881232 55 56 
1491907881255 54 56 
1491907881276 56 55 
1491907881297 55 55 
1491907881313 56 55 
1491907881335 55 56 
1491907881356 56 56 
1491907881372 55 53 
1491907881395 55 55 
1491907881416 55 56 
1491907881437 55 56 
1491907881453 56 54 
1491907881476 55 55 
1491907881497 54 56 
1491907881512 54 54 
1491907881535 54 55 
1491907881555 56 54 
1491907881576 56 56 
1491907881592 54 55 
1491907881615 56 55 
1491907881636 56 55 
1491907881652 55 55 
1491907881675 55 56 
1491907881696 55 55 
1491907881712 55 55 
1491907881735 56 56 
1491907881756 55 56 
1491907881772 56 55 
1491907881795 55 54 
1491907881816 55 55 
1491907881832 55 56 
1491907881855 56 56 
1491907881876 56 56 
1491907881897 57 55 
1491907881913 54 56 
1491907881935 55 56 
1491907881956 55 55 
1491907881977 55 55 
1491907881993 55 56 
1491907882016 56 55 
1491907882037 55 55 
1491907882052 55 56 
1491907882075 56 55 
1491907882096 56 55 
1491907882112 56 55 
1491907882135 55 55 
1491907882156 57 57 
1491907882172 57 57 
1491907882195 55 55 
1491907882216 55 55 
1491907882232 55 55 
1491907882255 55 56 
1491907882276 56 57 
1491907882292 56 55 
1491907882315 56 56 
1491907882336 56 54 
1491907882352 55 56 
1491907882375 54 56 
1491907882396 56 54 
1491907882412 57 56 
1491907882435 55 55 
1491907882456 56 57 
1491907882477 55 56 
1491907882493 56 56 
1491907882515 56 55 
1491907882536 55 55 
1491907882557 56 56 
1491907882573 56 56 
1491907882596 56 57 
1491907882617 56 54 
1491907882633 55 55 
1491907882655 55 56 
1491907882676 54 55 
1491907882692 56 57 
1491907882715 57 55 
1491907882736 56 56 
1491907882752 56 56 
1491907882775 56 56 
1491907882796 56 56 
1491907882812 56 56 
1491907882835 55 54 
1491907882856 56 56 
1491907882872 56 56 
1491907882895 56 58 
1491907882916 54 56 
1491907882921 56 55 
1491907882953 55 55 
1491907882975 56 57 
1491907882996 56 56 
1491907883001 57 56 
1491907883033 57 56 
1491907883055 56 55 
1491907883076 56 56 
1491907883097 57 56 
1491907883113 55 56 
1491907883134 56 56 
1491907883155 56 56 
1491907883176 57 57 
1491907883192 56 56 
1491907883215 56 56 
1491907883236 55 55 
1491907883252 56 55 
1491907883275 55 56 
1491907883296 56 56 
1491907883317 57 57 
1491907883333 56 56 
1491907883355 56 56 
1491907883376 56 56 
1491907883392 55 56 
1491907883415 58 56 
1491907883436 55 55 
1491907883457 58 57 
1491907883473 56 56 
1491907883495 54 55 
1491907883516 56 57 
1491907883537 57 55 
1491907883553 56 59 
1491907883575 56 57 
1491907883596 56 58 
1491907883616 58 58 
1491907883632 55 53 
1491907883655 55 54 
1491907883676 55 57 
1491907883692 56 57 
1491907883715 57 56 
1491907883736 57 55 
1491907883757 56 56 
1491907883773 55 56 
1491907883795 57 57 
1491907883816 56 56 
1491907883832 56 56 
1491907883855 57 56 
1491907883876 55 57 
1491907883897 55 57 
1491907883913 56 56 
1491907883935 57 55 
1491907883956 58 56 
1491907883977 56 57 
1491907883993 57 57 
1491907884015 57 56 
1491907884036 57 56 
1491907884057 55 55 
1491907884073 56 55 
1491907884116 112 113 
1491907884132 56 56 
1491907884155 56 56 
1491907884176 57 56 
1491907884197 56 57 
1491907884213 57 57 
1491907884235 56 56 
1491907884256 57 56 
1491907884272 56 55 
1491907884295 56 57 
1491907884316 56 57 
1491907884337 57 56 
1491907884353 57 56 
1491907884375 56 55 
1491907884396 56 56 
1491907884417 56 56 
1491907884433 54 55 
1491907884455 54 53 
1491907884476 53 53 
1491907884497 51 53 
1491907884513 51 52 
1491907884536 51 52 
1491907884556 50 50 
1491907884573 50 49 
1491907884595 48 47 
1491907884616 49 48 
1491907884632 47 48 
1491907884655 47 48 
1491907884676 46 47 
1491907884692 44 43 
1491907884715 45 44 
1491907884736 44 44 
1491907884752 45 44 
1491907884775 43 44 
1491907884796 42 41 
1491907884817 42 41 
1491907884833 41 42 
1491907884855 41 41 
1491907884876 39 39 
1491907884892 40 40 
1491907884915 39 40 
1491907884936 37 38 
1491907884957 37 36 
1491907884973 37 36 
1491907884995 37 37 
1491907885016 36 37 
1491907885036 35 34 
1491907885057 35 36 
1491907885073 34 35 
1491907885095 33 33 
1491907885116 33 34 
1491907885132 34 33 
1491907885155 34 33 
1491907885176 33 32 
1491907885197 32 32 
1491907885213 31 31 
1491907885235 31 32 
1491907885256 30 31 
1491907885261 30 30 
1491907885293 30 28 
1491907885315 29 30 
1491907885336 28 29 
1491907885357 29 29 
1491907885373 27 27 
1491907885396 25 28 
1491907885417 28 27 
1491907885433 28 26 
1491907885455 26 27 
1491907885476 24 25 
1491907885496 27 27 
1491907885513 27 26 
1491907885535 24 25 
1491907885556 22 23 
1491907885572 24 25 
1491907885595 26 25 
1491907885616 22 24 
1491907885637 22 23 
1491907885653 22 22 
1491907885675 25 24 
1491907885696 23 23 
1491907885712 21 22 
1491907885735 20 20 
1491907885756 22 21 
1491907885777 21 22 
1491907885793 20 21 
1491907885815 20 20 
1491907885836 19 19 
1491907885857 19 19 
1491907885873 19 19 
1491907885895 20 18 
1491907885916 19 19 
1491907885937 18 20 
1491907885953 17 17 
1491907885975 18 18 
1491907885996 18 17 
1491907886012 18 18 
1491907886035 18 17 
1491907886056 17 17 
1491907886077 16 16 
1491907886093 16 16 
1491907886136 33 32 
1491907886152 16 16 
1491907886175 16 15 
1491907886196 14 15 
1491907886217 15 15 
1491907886233 15 16 
1491907886255 16 15 
1491907886281 30 29 
1491907886313 15 14 
1491907886335 13 13 
1491907886356 12 13 
1491907886377 14 14 
1491907886393 13 14 
1491907886416 14 13 
1491907886437 14 12 
1491907886452 12 11 
1491907886475 12 12 
1491907886496 11 11 
1491907886512 11 12 
1491907886535 12 13 
1491907886556 12 13 
1491907886572 11 11 
1491907886595 12 11 
1491907886616 12 12 
1491907886632 11 11 
1491907886655 11 9 
1491907886676 11 11 
1491907886697 10 10 
1491907886713 10 11 
1491907886735 10 11 
1491907886756 11 11 
1491907886761 10 10 
1491907886793 10 10 
1491907886816 10 10 
1491907886837 11 9 
1491907886853 10 10 
1491907886875 10 9 
1491907886896 10 11 
1491907886917 10 10 
1491907886938 10 10 
1491907886953 9 11 
1491907886975 10 10 
1491907886996 11 10 
1491907887012 10 9 
1491907887035 10 9 
1491907887056 11 10 
1491907887077 9 10 
1491907887093 10 9 
1491907887115 10 9 
1491907887136 9 10 
1491907887152 9 11 
1491907887175 10 10 
ROTATE: 1.57080
1491907887196 6 7 
1491907887201 -3 -5 
1491907887233 1 1 
1491907887256 0 0 
1491907887277 0 0 
1491907887293 0 0 
1491907887315 1 0 
1491907887336 4 0 
1491907887357 4 -2 
1491907887378 4 -2 
1491907887394 5 -3 
1491907887415 7 -4 
1491907887436 7 -5 
1491907887452 6 -6 
1491907887475 7 -10 
1491907887496 8 -8 
1491907887517 9 -11 
1491907887533 12 -13 
1491907887555 13 -13 
1491907887576 17 -16 
1491907887592 17 -15 
1491907887615 22 -17 
1491907887636 20 -17 
1491907887657 19 -18 
1491907887673 19 -18 
1491907887696 18 -20 
1491907887717 19 -20 
1491907887733 19 -16 
1491907887755 17 -17 
1491907887776 18 -18 
1491907887797 17 -18 
1491907887818 16 -18 
1491907887834 18 -19 
1491907887856 18 -16 
1491907887876 20 -16 
1491907887892 19 -18 
1491907887915 18 -18 
1491907887936 18 -20 
1491907887957 20 -19 
1491907887974 19 -17 
1491907887995 20 -17 
1491907888016 20 -20 
1491907888032 16 -19 
1491907888055 18 -19 
1491907888076 18 -18 
1491907888097 19 -17 
1491907888113 19 -18 
1491907888135 19 -17 
1491907888156 18 -19 
1491907888177 18 -20 
1491907888193 19 -17 
1491907888215 19 -15 
1491907888236 21 -19 
1491907888257 18 -20 
1491907888273 18 -19 
1491907888296 18 -19 
1491907888317 18 -17 
1491907888333 21 -17 
1491907888355 19 -19 
1491907888376 18 -19 
1491907888397 19 -20 
1491907888413 18 -19 
1491907888435 19 -17 
1491907888456 21 -17 
1491907888472 20 -19 
1491907888495 19 -21 
1491907888516 19 -21 
1491907888537 19 -17 
1491907888553 19 -17 
1491907888575 21 -19 
1491907888596 19 -20 
1491907888601 18 -19 
1491907888633 18 -20 
1491907888655 19 -18 
1491907888676 20 -18 
1491907888697 20 -17 
1491907888713 20 -20 
1491907888736 19 -21 
1491907888757 19 -19 
1491907888773 19 -18 
1491907888796 21 -17 
1491907888816 19 -20 
1491907888832 20 -20 
1491907888855 17 -20 
1491907888876 19 -19 
1491907888892 19 -19 
1491907888915 21 -18 
1491907888936 19 -20 
1491907888952 18 -21 
1491907888975 18 -20 
1491907888996 20 -19 
1491907889001 20 -16 
1491907889033 20 -17 
1491907889055 18 -20 
1491907889076 18 -19 
1491907889081 16 -17 
1491907889113 18 -17 
1491907889157 35 -30 
1491907889195 26 -30 
1491907889216 14 -16 
1491907889237 15 -15 
1491907889257 15 -13 
1491907889273 15 -12 
1491907889295 15 -13 
1491907889316 13 -14 
1491907889332 10 -13 
1491907889355 9 -12 
1491907889376 12 -12 
1491907889397 12 -11 
1491907889413 13 -10 
1491907889435 12 -10 
1491907889456 12 -9 
1491907889472 10 -10 
1491907889495 9 -11 
1491907889516 8 -10 
1491907889521 9 -9 
1491907889553 8 -9 
1491907889575 9 -9 
1491907889596 9 -9 
1491907889617 10 -9 
1491907889633 8 -7 
1491907889656 9 -9 
1491907889677 8 -8 
1491907889698 8 -6 
1491907889714 6 -6 
1491907889735 7 -7 
1491907889756 7 -6 
1491907889772 6 -6 
1491907889795 6 -6 
1491907889816 7 -8 
1491907889837 7 -7 
1491907889853 8 -8 
1491907889875 7 -7 
1491907889896 8 -9 
1491907889912 7 -7 
1491907889935 8 -7 
1491907889956 7 -7 
1491907889977 8 -6 
1491907889993 7 -5 
1491907890015 7 -5 
1491907890036 7 -6 
1491907890057 7 -7 
1491907890073 7 -6 
1491907890095 6 -7 
1491907890116 7 -8 
1491907890137 9 -8 
1491907890153 7 -7 
1491907890176 8 -7 
1491907890197 7 -10 
1491907890213 9 -7 
1491907890235 7 -7 
1491907890256 8 -7 
1491907890277 8 -6 
1491907890293 7 -6 
1491907890315 7 -6 
1491907890336 7 -6 
1491907890352 7 -7 
1491907890375 6 -6 
1491907890396 7 -7 
1491907890417 7 -8 
1491907890433 8 -8 
1491907890455 8 -7 
1491907890476 7 -8 
1491907890497 7 -8 
1491907890513 8 -8 
1491907890535 8 -8 
1491907890556 8 -8 
1491907890577 7 -7 
1491907890616 15 -13 
1491907890637 6 -7 
1491907890653 7 -6 
1491907890675 6 -8 
1491907890696 8 -8 
1491907890713 7 -8 
STOP
1491907890735 9 -7 
1491907890756 8 -7 
STRAIGHT: 3.00000
1491907890772 3 -3 
1491907890795 -1 2 
1491907890816 1 0 
1491907890832 2 0 
1491907890855 0 0 
1491907890876 0 0 
1491907890897 0 1 
1491907890913 1 2 
1491907890935 5 4 
1491907890956 4 2 
1491907890977 5 5 
1491907890993 5 5 
1491907891016 7 7 
1491907891037 7 7 
1491907891053 9 8 
1491907891075 9 9 
1491907891096 10 11 
1491907891117 10 11 
1491907891138 12 11 
1491907891154 14 13 
1491907891175 15 15 
1491907891196 16 17 
1491907891212 16 16 
1491907891235 18 19 
1491907891256 18 19 
1491907891277 20 20 
1491907891293 20 19 
1491907891315 23 23 
1491907891336 23 24 
1491907891352 25 26 
1491907891375 26 25 
1491907891396 27 26 
1491907891417 27 29 
1491907891433 28 30 
1491907891456 31 29 
1491907891477 31 31 
1491907891493 31 32 
1491907891516 33 35 
1491907891537 35 33 
1491907891553 34 34 
1491907891576 36 38 
1491907891597 37 36 
1491907891613 38 38 
1491907891635 39 39 
1491907891656 41 41 
1491907891672 40 41 
1491907891695 42 42 
1491907891716 43 44 
1491907891722 45 46 
1491907891753 46 45 
1491907891775 46 48 
1491907891796 45 45 
1491907891817 46 47 
1491907891833 46 47 
1491907891856 47 47 
1491907891877 47 47 
1491907891893 48 48 
1491907891916 47 47 
1491907891937 46 46 
1491907891953 47 47 
1491907891975 46 47 
1491907891996 46 45 
1491907892017 46 48 
1491907892033 46 49 
1491907892056 45 46 
1491907892076 47 46 
1491907892093 46 48 
1491907892115 48 48 
1491907892136 50 48 
1491907892157 50 49 
1491907892173 46 47 
1491907892195 46 47 
1491907892216 47 46 
1491907892253 93 93 
1491907892275 47 49 
1491907892296 48 49 
1491907892317 48 48 
1491907892333 48 47 
1491907892355 48 48 
1491907892376 48 49 
1491907892397 49 48 
1491907892413 47 49 
1491907892436 48 48 
1491907892457 48 48 
1491907892473 48 48 
1491907892496 49 47 
1491907892517 48 49 
1491907892533 48 49 
1491907892556 47 49 
1491907892576 48 49 
1491907892597 48 48 
1491907892613 48 48 
1491907892635 49 47 
1491907892656 48 49 
1491907892672 49 49 
1491907892695 49 49 
1491907892716 51 48 
1491907892737 52 49 
1491907892753 51 50 
1491907892775 49 50 
1491907892796 48 49 
1491907892817 46 48 
1491907892833 47 47 
1491907892855 48 48 
1491907892897 99 99 
1491907892913 49 50 
1491907892936 48 49 
1491907892957 48 47 
1491907892973 50 48 
1491907892996 48 49 
1491907893017 50 50 
1491907893032 49 50 
1491907893055 49 49 
1491907893076 49 48 
1491907893092 48 49 
1491907893115 49 49 
1491907893136 49 50 
1491907893157 49 49 
1491907893173 49 49 
1491907893195 50 48 
1491907893216 50 50 
1491907893221 48 49 
1491907893253 48 49 
1491907893275 50 50 
1491907893296 49 50 
1491907893317 50 50 
1491907893333 50 49 
1491907893356 49 50 
1491907893377 51 50 
1491907893393 48 49 
1491907893416 50 50 
1491907893437 50 48 
1491907893458 51 51 
1491907893474 48 49 
1491907893516 100 100 
1491907893532 49 48 
1491907893555 51 50 
1491907893576 51 51 
1491907893597 51 51 
1491907893613 50 50 
1491907893635 50 50 
1491907893656 50 49 
1491907893661 49 51 
1491907893693 50 50 
1491907893715 51 51 
1491907893736 51 51 
1491907893757 51 49 
1491907893773 50 51 
1491907893796 50 50 
1491907893817 49 50 
1491907893833 50 51 
1491907893856 50 49 
1491907893877 51 51 
1491907893898 51 51 
1491907893914 50 51 
1491907893936 50 50 
1491907893956 49 50 
1491907893972 50 50 
1491907893995 52 50 
1491907894016 53 51 
1491907894037 53 49 
1491907894053 52 50 
1491907894075 51 50 
1491907894096 51 51 
1491907894101 52 49 
1491907894133 51 51 
1491907894155 51 50 
1491907894176 51 51 
1491907894197 50 51 
1491907894213 51 51 
1491907894236 51 50 
1491907894257 51 50 
1491907894273 49 52 
1491907894296 49 49 
1491907894317 49 48 
1491907894333 49 48 
1491907894356 50 50 
1491907894377 48 51 
1491907894393 49 51 
1491907894415 51 51 
1491907894436 50 50 
1491907894452 52 51 
1491907894475 51 52 
1491907894496 51 52 
1491907894512 51 50 
1491907894535 51 50 
1491907894556 51 50 
1491907894572 52 50 
1491907894595 51 52 
1491907894616 53 53 
1491907894637 52 52 
1491907894653 49 50 
1491907894676 47 49 
1491907894697 48 48 
1491907894713 50 50 
1491907894735 50 50 
1491907894777 102 101 
1491907894793 51 51 
1491907894816 52 51 
1491907894837 50 52 
1491907894853 50 52 
1491907894875 51 51 
1491907894896 52 50 
1491907894912 52 52 
1491907894935 51 51 
1491907894956 52 53 
1491907894972 50 50 
1491907894995 51 51 
1491907895016 52 51 
1491907895032 51 51 
1491907895055 50 51 
1491907895076 52 51 
1491907895097 49 51 
1491907895113 51 51 
1491907895135 51 51 
1491907895156 51 51 
1491907895177 51 53 
1491907895193 52 52 
1491907895216 52 52 
1491907895237 51 50 
1491907895253 52 51 
1491907895276 51 52 
1491907895297 51 51 
1491907895313 52 52 
1491907895336 51 52 
1491907895356 51 51 
1491907895373 52 51 
1491907895395 51 53 
1491907895416 52 52 
1491907895432 51 52 
1491907895455 52 51 
1491907895476 52 52 
1491907895497 51 53 
1491907895513 51 52 
1491907895535 52 51 
1491907895556 52 50 
1491907895577 53 53 
1491907895593 52 52 
1491907895615 53 53 
1491907895636 52 52 
1491907895657 53 52 
1491907895673 51 52 
1491907895696 52 52 
1491907895717 52 52 
1491907895733 52 52 
1491907895756 51 53 
1491907895777 54 52 
1491907895793 52 52 
1491907895815 53 52 
1491907895836 50 53 
1491907895852 48 52 
1491907895875 49 50 
1491907895896 52 52 
1491907895917 55 55 
1491907895933 55 54 
1491907895955 54 53 
1491907895976 51 51 
1491907895992 50 48 
1491907896015 52 48 
1491907896036 51 51 
1491907896057 53 52 
1491907896073 52 54 
1491907896096 51 53 
1491907896117 53 53 
1491907896133 51 51 
1491907896155 52 53 
1491907896176 52 53 
1491907896197 54 54 
1491907896218 53 52 
1491907896234 54 51 
1491907896256 52 53 
1491907896276 51 52 
1491907896292 52 51 
1491907896315 54 52 
1491907896336 52 52 
1491907896357 53 54 
1491907896373 52 53 
1491907896395 52 53 
1491907896416 53 53 
1491907896432 52 52 
1491907896455 53 53 
1491907896476 53 53 
1491907896497 51 53 
1491907896513 53 52 
1491907896535 53 51 
1491907896556 53 52 
1491907896577 53 53 
1491907896593 53 54 
1491907896615 51 52 
1491907896636 53 53 
1491907896657 53 53 
1491907896673 54 52 
1491907896696 52 53 
1491907896717 54 53 
1491907896733 52 52 
1491907896756 54 53 
1491907896777 55 54 
1491907896797 54 54 
1491907896813 53 54 
1491907896835 52 52 
1491907896856 50 52 
1491907896872 53 52 
1491907896895 53 53 
1491907896916 53 53 
1491907896937 53 55 
1491907896953 53 53 
1491907896975 54 52 
1491907896996 54 53 
1491907897001 53 53 
1491907897033 53 53 
1491907897055 54 54 
1491907897076 53 54 
1491907897097 53 52 
1491907897113 53 52 
1491907897136 53 54 
1491907897157 52 54 
1491907897173 53 53 
1491907897196 53 52 
1491907897217 56 53 
1491907897233 52 55 
1491907897255 53 53 
1491907897276 53 54 
1491907897292 53 52 
1491907897315 53 51 
1491907897336 53 53 
1491907897352 53 53 
1491907897375 54 54 
1491907897396 54 53 
1491907897417 53 54 
1491907897433 53 54 
1491907897455 53 53 
1491907897476 53 55 
1491907897481 54 53 
1491907897513 54 54 
1491907897536 54 53 
1491907897557 54 53 
1491907897573 54 53 
1491907897596 52 55 
1491907897617 53 55 
1491907897633 53 52 
1491907897655 53 52 
1491907897676 54 54 
1491907897692 57 56 
1491907897715 56 54 
1491907897736 55 53 
1491907897752 55 54 
1491907897775 55 55 
1491907897796 53 55 
1491907897812 52 54 
1491907897835 53 52 
1491907897856 55 53 
1491907897872 52 55 
1491907897895 54 55 
1491907897916 53 53 
1491907897932 55 52 
1491907897955 54 54 
1491907897976 54 54 
1491907897997 53 53 
1491907898013 54 53 
1491907898035 54 54 
1491907898056 54 53 
1491907898077 54 54 
1491907898082 54 55 
1491907898114 52 55 
1491907898157 109 107 
1491907898173 55 53 
1491907898195 54 55 
1491907898216 54 55 
1491907898237 53 53 
1491907898253 54 53 
1491907898275 53 53 
1491907898296 55 55 
1491907898312 53 54 
1491907898335 54 55 
1491907898356 54 54 
1491907898377 55 54 
1491907898393 54 54 
1491907898415 54 55 
1491907898436 52 55 
1491907898457 55 53 
1491907898473 55 54 
1491907898495 56 54 
1491907898516 54 55 
1491907898537 55 56 
1491907898553 54 55 
1491907898576 54 53 
1491907898597 53 53 
1491907898613 54 54 
1491907898636 54 56 
1491907898656 55 54 
1491907898677 55 55 
1491907898693 56 54 
1491907898715 55 54 
1491907898736 55 56 
1491907898752 54 55 
1491907898775 54 54 
1491907898796 55 54 
1491907898817 55 55 
1491907898833 54 55 
1491907898855 53 55 
1491907898876 54 55 
1491907898897 53 53 
1491907898913 56 54 
1491907898935 54 55 
1491907898956 56 54 
1491907898977 55 55 
1491907898993 54 54 
1491907899016 54 54 
1491907899037 55 54 
1491907899053 54 55 
1491907899075 54 54 
1491907899096 55 55 
1491907899112 55 54 
1491907899135 56 55 
1491907899156 54 56 
1491907899172 54 55 
1491907899195 56 55 
1491907899216 54 55 
1491907899232 54 53 
1491907899255 54 56 
1491907899276 55 54 
1491907899297 55 55 
1491907899313 55 55 
1491907899335 53 55 
1491907899356 54 55 
1491907899377 53 55 
1491907899382 55 54 
1491907899414 56 54 
1491907899436 59 55 
1491907899457 60 56 
1491907899473 57 55 
1491907899496 54 54 
1491907899517 56 55 
1491907899538 56 56 
1491907899553 57 55 
1491907899575 54 55 
1491907899596 55 55 
1491907899612 55 55 
1491907899635 56 55 
1491907899656 54 53 
1491907899677 54 55 
1491907899693 55 53 
1491907899715 55 53 
1491907899736 56 53 
1491907899752 54 55 
1491907899779 53 56 
1491907899800 54 55 
1491907899802 55 56 
1491907899833 55 56 
1491907899877 109 112 
1491907899916 110 109 
1491907899937 55 54 
1491907899953 56 55 
1491907899975 58 57 
1491907899996 56 57 
1491907900012 56 56 
1491907900035 57 54 
1491907900056 57 55 
1491907900072 54 55 
1491907900095 51 53 
1491907900116 51 53 
1491907900122 53 52 
1491907900153 54 53 
1491907900175 55 54 
1491907900212 109 110 
1491907900235 56 56 
1491907900256 56 56 
1491907900277 56 56 
1491907900293 56 57 
1491907900316 54 57 
1491907900337 55 55 
1491907900353 55 55 
1491907900375 56 53 
1491907900396 55 56 
1491907900417 55 56 
1491907900433 55 55 
1491907900456 56 54 
1491907900476 55 55 
1491907900492 54 55 
1491907900515 55 56 
1491907900536 54 54 
1491907900557 56 56 
1491907900573 56 55 
1491907900595 55 56 
1491907900616 55 56 
1491907900632 54 55 
1491907900655 56 54 
1491907900676 56 55 
1491907900697 55 56 
1491907900713 56 55 
1491907900735 55 55 
1491907900756 55 55 
1491907900761 55 55 
1491907900815 112 111 
1491907900836 56 56 
1491907900857 55 56 
1491907900873 55 55 
1491907900896 56 55 
1491907900917 54 55 
1491907900933 55 56 
1491907900956 55 55 
1491907900977 54 54 
1491907900997 57 54 
1491907901013 56 57 
1491907901035 55 55 
1491907901056 55 55 
1491907901072 55 54 
1491907901095 56 55 
1491907901116 56 55 
1491907901137 55 58 
1491907901153 55 56 
1491907901175 54 55 
1491907901196 54 54 
1491907901201 55 54 
1491907901233 54 56 
1491907901276 113 112 
1491907901297 58 56 
1491907901313 56 56 
1491907901336 56 57 
1491907901357 56 56 
1491907901373 56 53 
1491907901396 55 56 
1491907901417 56 57 
1491907901433 54 55 
1491907901455 56 56 
1491907901476 55 55 
1491907901492 56 55 
1491907901515 56 56 
1491907901536 55 57 
1491907901552 56 55 
1491907901575 57 56 
1491907901596 55 55 
1491907901617 57 56 
1491907901633 54 55 
1491907901655 55 55 
1491907901676 55 55 
1491907901692 55 53 
1491907901716 57 56 
1491907901737 56 57 
1491907901753 57 56 
1491907901776 56 57 
1491907901797 55 57 
1491907901813 57 56 
1491907901836 56 57 
1491907901857 55 56 
1491907901873 55 55 
1491907901895 56 55 
1491907901916 57 55 
1491907901932 55 55 
1491907901955 55 56 
1491907901976 54 56 
1491907901997 57 56 
1491907902013 56 56 
1491907902035 57 55 
1491907902056 55 57 
1491907902072 56 56 
1491907902095 55 55 
1491907902116 57 55 
1491907902121 57 57 
1491907902153 56 58 
1491907902175 54 56 
1491907902196 57 55 
1491907902217 55 56 
1491907902233 57 56 
1491907902255 56 56 
1491907902276 55 56 
1491907902297 57 55 
1491907902313 56 55 
1491907902336 56 56 
1491907902356 55 57 
1491907902372 56 56 
1491907902395 56 57 
1491907902416 57 56 
1491907902437 57 56 
1491907902453 57 56 
1491907902475 55 58 
1491907902496 55 56 
1491907902512 55 54 
1491907902535 58 56 
1491907902556 56 57 
1491907902577 56 58 
1491907902593 56 56 
1491907902615 56 55 
1491907902636 57 55 
1491907902657 55 57 
1491907902673 56 55 
1491907902695 56 57 
1491907902716 55 56 
1491907902737 58 56 
1491907902753 56 56 
1491907902776 55 58 
1491907902796 55 57 
1491907902812 55 55 
1491907902835 58 54 
1491907902856 57 57 
1491907902877 56 58 
1491907902893 57 57 
1491907902915 59 56 
1491907902936 56 56 
1491907902952 55 56 
1491907902975 55 56 
1491907902996 55 54 
1491907903017 57 55 
1491907903033 54 56 
1491907903055 56 56 
1491907903076 55 56 
1491907903097 54 56 
1491907903113 56 56 
1491907903135 57 56 
1491907903156 58 57 
1491907903177 56 57 
1491907903193 57 57 
1491907903216 57 56 
1491907903237 56 55 
1491907903252 55 56 
1491907903275 56 56 
1491907903296 56 55 
1491907903317 56 56 
1491907903333 57 55 
1491907903355 56 57 
1491907903376 56 56 
1491907903392 55 56 
1491907903415 54 55 
1491907903436 53 53 
1491907903457 54 52 
1491907903473 51 52 
1491907903495 50 52 
1491907903516 50 51 
1491907903521 49 48 
1491907903553 50 48 
1491907903575 49 49 
1491907903596 48 49 
1491907903617 47 47 
1491907903633 47 45 
1491907903656 45 46 
1491907903677 45 43 
1491907903693 44 45 
1491907903716 44 45 
1491907903737 43 44 
1491907903752 43 43 
1491907903775 42 41 
1491907903796 41 41 
1491907903812 41 40 
1491907903835 40 39 
1491907903856 39 41 
1491907903877 39 40 
1491907903893 38 38 
1491907903915 38 38 
1491907903936 38 38 
1491907903952 35 36 
1491907903975 37 36 
1491907903996 36 36 
1491907904001 36 36 
1491907904033 35 36 
1491907904056 35 34 
1491907904077 33 33 
1491907904093 34 34 
1491907904115 33 32 
1491907904136 31 32 
1491907904157 33 32 
1491907904162 33 33 
1491907904194 30 32 
1491907904216 29 31 
1491907904237 31 30 
1491907904252 30 28 
1491907904275 30 30 
1491907904296 29 29 
1491907904317 29 28 
1491907904333 29 27 
1491907904355 29 30 
1491907904376 26 29 
1491907904392 26 25 
1491907904415 27 26 
1491907904436 26 27 
1491907904457 25 29 
1491907904473 27 23 
1491907904495 25 24 
1491907904516 25 26 
1491907904521 24 27 
1491907904553 25 23 
1491907904575 25 22 
1491907904596 24 24 
1491907904617 22 25 
1491907904633 23 24 
1491907904656 23 20 
1491907904677 22 21 
1491907904693 21 23 
1491907904716 21 24 
1491907904737 22 19 
1491907904758 21 20 
1491907904773 20 20 
1491907904795 21 20 
1491907904816 20 21 
1491907904832 19 20 
1491907904855 20 18 
1491907904876 19 18 
1491907904897 21 20 
1491907904913 19 20 
1491907904935 18 19 
1491907904956 18 18 
1491907904961 17 18 
1491907904993 18 17 
1491907905015 18 16 
1491907905036 17 17 
1491907905057 17 19 
1491907905073 16 16 
1491907905096 16 15 
1491907905117 16 13 
1491907905133 16 16 
1491907905156 16 17 
1491907905177 15 17 
1491907905198 15 14 
1491907905213 15 14 
1491907905235 14 15 
1491907905256 15 14 
1491907905272 15 13 
1491907905295 14 15 
1491907905316 14 14 
1491907905337 12 14 
1491907905353 14 12 
1491907905375 13 13 
1491907905396 13 13 
1491907905417 13 12 
1491907905433 13 13 
1491907905455 12 13 
1491907905476 11 12 
1491907905497 12 11 
1491907905513 12 11 
1491907905536 12 12 
1491907905557 11 11 
1491907905573 12 11 
1491907905596 12 10 
1491907905617 11 11 
1491907905633 10 12 
1491907905656 10 10 
1491907905677 9 10 
1491907905693 10 10 
1491907905715 9 9 
1491907905736 11 9 
1491907905752 10 9 
1491907905775 10 10 
1491907905796 10 10 
1491907905802 10 10 
1491907905833 10 10 
1491907905855 9 10 
1491907905876 9 10 
1491907905892 10 11 
1491907905915 10 9 
1491907905936 9 9 
1491907905957 10 10 
1491907905973 9 9 
1491907905995 10 9 
1491907906016 10 9 
1491907906037 11 9 
1491907906042 9 10 
1491907906074 10 9 
1491907906096 11 10 
1491907906117 10 11 
1491907906133 11 10 
1491907906156 11 10 
1491907906177 11 11 
1491907906197 11 9 
1491907906213 12 11 
1491907906235 12 9 
1491907906256 11 10 
ROTATE: 1.57080
1491907906272 4 3 
1491907906295 -2 -4 
1491907906316 0 0 
1491907906332 0 0 
1491907906355 0 0 
1491907906376 0 0 
1491907906397 2 0 
1491907906413 2 -1 
1491907906435 2 -2 
1491907906456 3 -2 
1491907906477 3 -5 
1491907906493 2 -6 
1491907906516 3 -6 
1491907906537 2 -6 
1491907906553 8 -10 
1491907906576 8 -9 
1491907906597 11 -10 
1491907906613 11 -9 
1491907906636 16 -14 
1491907906656 16 -13 
1491907906672 17 -17 
1491907906695 17 -17 
1491907906716 18 -19 
1491907906732 17 -19 
1491907906755 17 -17 
1491907906776 18 -18 
1491907906797 19 -19 
1491907906813 17 -18 
1491907906835 15 -18 
1491907906856 16 -18 
1491907906861 17 -18 
1491907906893 19 -16 
1491907906916 18 -17 
1491907906937 19 -19 
1491907906953 18 -18 
1491907906976 18 -20 
1491907906997 18 -18 
1491907907013 19 -17 
1491907907036 18 -18 
1491907907057 17 -18 
1491907907078 18 -18 
1491907907094 17 -19 
1491907907116 17 -19 
1491907907136 19 -17 
1491907907152 18 -18 
1491907907175 18 -19 
1491907907196 19 -19 
1491907907217 17 -19 
1491907907233 19 -17 
1491907907255 19 -18 
1491907907292 37 -36 
1491907907315 18 -19 
1491907907336 18 -20 
1491907907357 19 -18 
1491907907373 20 -19 
1491907907396 19 -18 
1491907907417 18 -19 
1491907907433 17 -20 
1491907907455 19 -19 
1491907907476 19 -18 
1491907907497 19 -19 
1491907907513 19 -18 
1491907907536 18 -19 
1491907907557 18 -21 
1491907907573 19 -19 
1491907907596 20 -18 
1491907907617 20 -18 
1491907907633 19 -18 
1491907907655 18 -20 
1491907907676 18 -21 
1491907907692 20 -19 
1491907907715 20 -19 
1491907907736 19 -18 
1491907907752 19 -19 
1491907907775 19 -21 
1491907907796 19 -20 
1491907907817 20 -19 
1491907907833 19 -18 
1491907907856 19 -19 
1491907907861 19 -20 
1491907907893 19 -19 
1491907907915 19 -20 
1491907907936 21 -20 
1491907907957 19 -18 
1491907907973 20 -19 
1491907907996 19 -20 
1491907908017 19 -21 
1491907908033 20 -19 
1491907908056 20 -19 
1491907908077 20 -19 
1491907908093 18 -20 
1491907908115 19 -19 
1491907908136 19 -19 
1491907908152 18 -18 
1491907908175 19 -17 
1491907908196 17 -17 
1491907908212 16 -17 
1491907908235 16 -18 
1491907908256 15 -16 
1491907908277 17 -15 
1491907908293 14 -14 
1491907908315 15 -14 
1491907908336 14 -14 
1491907908357 13 -13 
1491907908373 12 -13 
1491907908396 13 -11 
1491907908417 13 -12 
1491907908433 13 -12 
1491907908456 11 -10 
1491907908477 13 -13 
1491907908493 12 -12 
1491907908516 11 -12 
1491907908537 10 -10 
1491907908553 10 -11 
1491907908575 11 -10 
1491907908596 10 -8 
1491907908612 8 -8 
1491907908635 9 -8 
1491907908656 9 -9 
1491907908677 10 -8 
1491907908693 8 -8 
1491907908715 8 -8 
1491907908736 9 -9 
1491907908741 8 -9 
1491907908773 8 -7 
1491907908795 8 -8 
1491907908816 8 -7 
1491907908837 6 -6 
1491907908853 6 -6 
1491907908875 7 -6 
1491907908896 6 -6 
1491907908917 6 -5 
1491907908933 7 -5 
1491907908956 7 -6 
1491907908977 8 -6 
1491907908993 8 -7 
1491907909016 8 -7 
1491907909036 8 -8 
1491907909052 8 -9 
1491907909075 8 -7 
1491907909096 7 -7 
1491907909102 6 -7 
1491907909133 7 -8 
1491907909155 6 -6 
1491907909176 6 -6 
1491907909182 5 -6 
1491907909213 6 -6 
1491907909236 7 -6 
1491907909257 8 -5 
1491907909273 8 -6 
1491907909296 9 -6 
1491907909317 8 -8 
1491907909333 9 -7 
1491907909356 8 -8 
1491907909377 7 -9 
1491907909398 8 -8 
1491907909414 6 -8 
1491907909436 7 -8 
1491907909457 7 -6 
1491907909473 6 -6 
1491907909496 6 -7 
1491907909517 7 -6 
1491907909537 7 -6 
1491907909553 8 -5 
1491907909575 8 -6 
1491907909596 8 -6 
1491907909612 9 -7 
1491907909635 8 -8 
1491907909656 9 -8 
1491907909677 9 -9 
1491907909693 7 -7 
1491907909715 8 -8 
1491907909736 8 -9 
1491907909752 9 -6 
1491907909775 8 -8 
STOP
1491907909796 9 -7 
1491907909817 9 -8 
1491907909833 4 -3 
STRAIGHT: 3.00000
1491907909856 -3 2 
1491907909877 -1 1 
1491907909893 0 0 
1491907909916 1 0 
1491907909937 0 0 
1491907909953 1 0 
1491907909976 2 4 
1491907909996 4 5 
1491907910012 5 4 
1491907910035 5 5 
1491907910056 6 5 
1491907910072 7 8 
1491907910095 5 7 
1491907910116 7 6 
1491907910137 6 8 
1491907910153 9 10 
1491907910175 9 8 
1491907910196 11 12 
1491907910217 14 13 
1491907910233 14 15 
1491907910256 16 16 
1491907910277 18 17 
1491907910293 16 16 
1491907910316 18 18 
1491907910337 19 19 
1491907910353 21 22 
1491907910376 24 23 
1491907910397 24 24 
1491907910413 21 24 
1491907910436 23 21 
1491907910457 25 24 
1491907910473 26 27 
1491907910495 28 29 
1491907910516 29 28 
1491907910532 29 29 
1491907910555 32 31 
1491907910576 33 34 
1491907910597 32 33 
1491907910613 36 35 
1491907910635 36 35 
1491907910656 37 38 
1491907910677 37 37 
1491907910693 40 39 
1491907910716 40 40 
1491907910737 41 41 
1491907910753 42 43 
1491907910776 42 43 
1491907910797 44 43 
1491907910813 45 45 
1491907910836 47 47 
1491907910857 48 47 
1491907910873 46 47 
1491907910896 46 48 
1491907910917 47 46 
1491907910933 47 46 
1491907910955 48 48 
1491907910976 49 49 
1491907910992 49 48 
1491907911015 48 48 
1491907911036 46 47 
1491907911052 46 47 
1491907911075 45 46 
1491907911096 48 47 
1491907911117 47 48 
1491907911133 47 48 
1491907911155 47 48 
1491907911176 48 47 
1491907911197 47 46 
1491907911213 47 47 
1491907911235 48 48 
1491907911256 48 47 
1491907911277 48 48 
1491907911293 46 47 
1491907911316 46 47 
1491907911337 46 47 
1491907911353 48 47 
1491907911376 48 47 
1491907911397 48 49 
1491907911417 50 49 
1491907911433 49 46 
1491907911455 48 47 
1491907911476 46 48 
1491907911492 47 46 
1491907911515 47 48 
1491907911536 48 49 
1491907911557 48 48 
1491907911573 47 47 
1491907911595 48 48 
1491907911616 48 48 
1491907911637 47 47 
1491907911653 49 49 
1491907911675 49 48 
1491907911696 48 48 
1491907911717 48 48 
1491907911733 49 49 
1491907911756 48 47 
1491907911777 47 47 
1491907911793 49 49 
1491907911816 48 49 
1491907911837 48 48 
1491907911858 50 48 
1491907911874 48 49 
1491907911895 48 49 
1491907911917 49 49 
1491907911932 48 47 
1491907911955 49 49 
1491907911976 49 48 
1491907911997 50 50 
1491907912013 50 49 
1491907912035 50 49 
1491907912056 50 50 
1491907912062 48 50 
1491907912093 47 48 
1491907912115 48 48 
1491907912136 50 49 
1491907912157 50 49 
1491907912173 50 51 
1491907912196 48 49 
1491907912217 48 48 
1491907912233 49 48 
1491907912256 50 50 
1491907912277 49 50 
1491907912293 49 50 
1491907912316 49 48 
1491907912337 49 49 
1491907912353 48 49 
1491907912375 50 48 
1491907912396 50 51 
1491907912412 50 50 
1491907912435 50 49 
1491907912456 48 49 
1491907912477 49 49 
1491907912493 50 49 
1491907912515 50 50 
1491907912536 49 50 
1491907912557 49 49 
1491907912573 49 49 
1491907912596 50 49 
1491907912617 50 49 
1491907912633 49 51 
1491907912656 49 49 
1491907912677 49 50 
1491907912693 48 48 
1491907912716 50 50 
1491907912737 50 49 
1491907912753 49 50 
1491907912776 52 51 
1491907912796 48 49 
1491907912812 50 48 
1491907912835 50 49 
1491907912856 51 52 
1491907912872 51 50 
1491907912895 50 51 
1491907912916 51 50 
1491907912932 49 51 
1491907912955 49 50 
1491907912976 50 49 
1491907912982 50 50 
1491907913013 50 51 
1491907913036 51 50 
1491907913057 49 50 
1491907913073 50 48 
1491907913095 51 52 
1491907913116 51 52 
1491907913137 49 50 
1491907913158 51 50 
1491907913174 50 49 
1491907913196 51 52 
1491907913217 51 51 
1491907913233 50 50 
1491907913255 50 50 
1491907913276 51 51 
1491907913297 52 51 
1491907913313 51 51 
1491907913335 51 51 
1491907913356 50 50 
1491907913372 51 50 
1491907913395 49 51 
1491907913416 51 50 
1491907913437 50 50 
1491907913453 52 52 
1491907913475 50 49 
1491907913496 50 51 
1491907913517 51 49 
1491907913533 51 51 
1491907913555 51 52 
1491907913576 51 51 
1491907913597 52 51 
1491907913613 50 51 
1491907913636 51 51 
1491907913657 50 50 
1491907913673 51 51 
1491907913696 50 51 
1491907913716 51 51 
1491907913737 51 52 
1491907913753 52 51 
1491907913775 50 51 
1491907913812 101 101 
1491907913835 51 50 
1491907913856 52 52 
1491907913877 52 52 
1491907913893 52 52 
1491907913915 51 51 
1491907913936 51 51 
1491907913957 50 51 
1491907913973 52 51 
1491907913995 51 52 
1491907914016 52 52 
1491907914037 52 51 
1491907914053 52 51 
1491907914076 51 52 
1491907914097 52 52 
1491907914113 52 52 
1491907914136 51 52 
1491907914156 51 52 
1491907914177 51 51 
1491907914193 52 51 
1491907914215 52 53 
1491907914236 52 52 
1491907914252 51 52 
1491907914275 53 50 
1491907914296 52 50 
1491907914317 52 53 
1491907914333 53 53 
1491907914355 53 53 
1491907914376 51 52 
1491907914381 52 51 
1491907914413 52 52 
1491907914435 51 53 
1491907914456 53 53 
1491907914493 103 102 
1491907914516 52 51 
1491907914537 52 52 
1491907914553 53 53 
1491907914576 51 52 
1491907914597 52 51 
1491907914613 50 51 
1491907914636 53 52 
1491907914656 53 53 
1491907914672 52 52 
1491907914695 53 53 
1491907914716 52 52 
1491907914732 52 52 
1491907914755 53 54 
1491907914776 52 52 
1491907914797 53 53 
1491907914813 53 52 
1491907914835 53 53 
1491907914856 52 52 
1491907914861 51 52 
1491907914893 52 51 
1491907914916 52 52 
1491907914937 51 50 
1491907914953 52 52 
1491907914975 53 53 
1491907914996 53 52 
1491907915017 54 53 
1491907915038 53 53 
1491907915054 52 53 
1491907915076 53 52 
1491907915097 54 53 
1491907915113 52 52 
1491907915135 53 54 
1491907915156 52 53 
1491907915177 52 53 
1491907915193 52 51 
1491907915215 53 53 
1491907915252 104 104 
1491907915275 54 51 
1491907915296 52 52 
1491907915302 53 53 
1491907915333 53 52 
1491907915356 52 52 
1491907915377 54 53 
1491907915393 51 52 
1491907915415 52 52 
1491907915436 53 53 
1491907915457 52 52 
1491907915462 52 53 
1491907915494 53 52 
1491907915516 52 51 
1491907915537 53 53 
1491907915553 51 52 
1491907915576 52 52 
1491907915597 52 52 
1491907915618 55 53 
1491907915633 52 53 
1491907915655 52 53 
1491907915676 53 52 
1491907915692 52 53 
1491907915715 52 53 
1491907915736 53 53 
1491907915757 53 53 
1491907915773 54 53 
1491907915795 52 53 
1491907915816 52 52 
1491907915837 53 52 
1491907915853 54 54 
1491907915875 52 53 
1491907915896 53 53 
1491907915917 53 53 
1491907915933 52 53 
1491907915956 53 53 
1491907915977 52 52 
1491907915993 53 53 
1491907916016 53 53 
1491907916037 54 52 
1491907916058 54 54 
1491907916074 54 54 
1491907916095 54 55 
1491907916116 52 53 
1491907916132 52 51 
1491907916155 53 53 
1491907916176 53 55 
1491907916197 54 54 
1491907916213 52 53 
1491907916235 52 52 
1491907916256 54 53 
1491907916261 54 53 
1491907916293 54 55 
1491907916315 53 53 
1491907916336 54 53 
1491907916357 53 54 
1491907916373 54 52 
1491907916396 53 54 
1491907916417 54 54 
1491907916433 53 53 
1491907916456 52 52 
1491907916477 55 54 
1491907916493 54 54 
1491907916515 54 54 
1491907916536 53 54 
1491907916552 52 52 
1491907916575 53 53 
1491907916612 107 106 
1491907916635 53 54 
1491907916656 53 54 
1491907916677 54 53 
1491907916693 53 54 
1491907916715 54 52 
1491907916736 54 54 
1491907916757 54 55 
1491907916773 53 53 
1491907916796 53 52 
1491907916817 54 53 
1491907916833 54 53 
1491907916856 55 53 
1491907916877 55 54 
1491907916893 54 54 
1491907916916 53 53 
1491907916936 51 53 
1491907916953 53 53 
1491907916975 54 52 
1491907916996 53 53 
1491907917012 53 52 
1491907917035 54 54 
1491907917056 57 55 
1491907917062 55 56 
1491907917093 55 55 
1491907917115 54 54 
1491907917136 54 53 
1491907917141 55 55 
1491907917173 52 55 
1491907917195 53 55 
1491907917216 55 54 
1491907917237 54 53 
1491907917253 54 54 
1491907917276 53 54 
1491907917297 53 52 
1491907917313 54 53 
1491907917336 53 54 
1491907917357 54 54 
1491907917373 55 55 
1491907917396 54 53 
1491907917416 54 55 
1491907917432 53 53 
1491907917455 54 54 
1491907917476 54 53 
1491907917497 54 54 
1491907917513 53 54 
1491907917535 54 54 
1491907917556 55 54 
1491907917572 53 54 
1491907917595 54 54 
1491907917616 55 55 
1491907917637 55 55 
1491907917653 54 54 
1491907917676 54 53 
1491907917697 54 54 
1491907917713 54 54 
1491907917735 53 52 
1491907917756 54 54 
1491907917777 55 54 
1491907917798 56 56 
1491907917814 54 54 
1491907917836 54 54 
1491907917857 54 55 
1491907917873 54 54 
1491907917896 54 55 
1491907917916 54 53 
1491907917937 55 55 
1491907917953 55 55 
1491907917975 54 55 
1491907917996 55 54 
1491907918012 54 55 
1491907918035 54 54 
1491907918056 54 53 
1491907918077 55 54 
1491907918093 55 56 
1491907918115 54 55 
1491907918136 55 54 
1491907918157 53 53 
1491907918173 55 55 
1491907918196 55 55 
1491907918217 56 56 
1491907918233 54 54 
1491907918256 55 54 
1491907918277 54 55 
1491907918293 54 53 
1491907918316 54 55 
1491907918337 54 54 
1491907918352 54 54 
1491907918375 55 54 
1491907918396 54 54 
1491907918412 56 56 
1491907918435 55 56 
1491907918456 53 53 
1491907918472 54 54 
1491907918495 56 55 
1491907918516 55 56 
1491907918537 54 55 
1491907918553 55 55 
1491907918575 54 54 
1491907918596 53 54 
1491907918617 56 55 
1491907918633 54 54 
1491907918656 55 56 
1491907918677 54 54 
1491907918693 54 53 
1491907918716 55 54 
1491907918737 56 56 
1491907918753 54 54 
1491907918776 55 56 
1491907918797 55 54 
1491907918813 55 55 
1491907918835 54 55 
1491907918856 55 56 
1491907918872 55 54 
1491907918895 54 55 
1491907918916 55 55 
1491907918932 56 56 
1491907918955 56 56 
1491907918976 55 55 
1491907918997 54 54 
1491907919013 54 54 
1491907919035 55 55 
1491907919056 56 56 
1491907919077 54 55 
1491907919093 56 56 
1491907919116 56 55 
1491907919137 54 55 
1491907919153 56 56 
1491907919176 54 54 
1491907919197 55 55 
1491907919213 55 55 
1491907919236 55 55 
1491907919257 55 55 
1491907919273 55 56 
1491907919296 55 54 
1491907919316 54 54 
1491907919332 56 55 
1491907919355 55 56 
1491907919376 56 56 
1491907919382 55 54 
1491907919413 54 55 
1491907919456 110 110 
1491907919462 55 55 
1491907919493 55 55 
1491907919515 55 56 
1491907919536 56 55 
1491907919557 56 57 
1491907919573 56 56 
1491907919595 56 54 
1491907919616 56 52 
1491907919637 54 54 
1491907919653 54 54 
1491907919676 55 55 
1491907919697 56 57 
1491907919713 56 58 
1491907919736 56 57 
1491907919756 56 55 
1491907919773 57 55 
1491907919795 55 56 
1491907919816 56 57 
1491907919832 54 56 
1491907919855 56 52 
1491907919876 57 55 
1491907919892 54 57 
1491907919915 54 55 
1491907919936 55 54 
1491907919957 55 55 
1491907919973 56 56 
1491907919995 54 57 
1491907920016 55 55 
1491907920037 55 53 
1491907920053 56 55 
1491907920076 56 57 
1491907920097 57 58 
1491907920113 58 55 
1491907920136 58 55 
1491907920157 56 56 
1491907920173 53 55 
1491907920196 54 54 
1491907920217 54 55 
1491907920233 53 54 
1491907920255 55 55 
1491907920276 55 55 
1491907920282 57 56 
1491907920313 56 56 
1491907920335 54 54 
1491907920356 55 55 
1491907920393 114 113 
1491907920416 56 57 
1491907920437 56 55 
1491907920453 55 54 
1491907920475 54 55 
1491907920496 55 56 
1491907920517 55 57 
1491907920538 55 56 
1491907920554 55 54 
1491907920576 56 53 
1491907920597 56 56 
1491907920613 55 56 
1491907920636 56 56 
1491907920657 56 55 
1491907920678 57 57 
1491907920694 55 56 
1491907920715 55 56 
1491907920736 56 56 
1491907920752 56 54 
1491907920775 55 55 
1491907920796 56 57 
1491907920812 57 57 
1491907920835 56 57 
1491907920856 55 54 
1491907920877 56 55 
1491907920893 55 55 
1491907920915 55 56 
1491907920936 55 56 
1491907920957 55 56 
1491907920962 56 54 
1491907920994 56 56 
1491907921037 112 113 
1491907921053 57 54 
1491907921076 56 57 
1491907921097 56 56 
1491907921118 55 58 
1491907921134 56 56 
1491907921156 55 56 
1491907921176 55 55 
1491907921192 55 54 
1491907921215 56 56 
1491907921236 55 55 
1491907921257 55 56 
1491907921273 55 55 
1491907921295 57 57 
1491907921316 55 55 
1491907921337 55 56 
1491907921353 56 55 
1491907921375 56 56 
1491907921396 57 56 
1491907921417 57 58 
1491907921433 56 55 
1491907921456 56 56 
1491907921477 55 55 
1491907921493 55 55 
1491907921516 56 57 
1491907921537 55 56 
1491907921558 57 56 
1491907921574 55 55 
1491907921596 57 56 
1491907921616 56 58 
1491907921633 56 55 
1491907921655 55 56 
1491907921676 57 55 
1491907921697 57 57 
1491907921713 56 56 
1491907921735 56 57 
1491907921756 56 57 
1491907921777 55 55 
1491907921793 56 55 
1491907921815 56 57 
1491907921836 56 57 
1491907921857 56 56 
1491907921873 56 55 
1491907921896 56 56 
1491907921917 57 56 
1491907921933 57 57 
1491907921956 57 56 
1491907921977 56 55 
1491907921998 56 57 
1491907922014 56 55 
1491907922036 56 55 
1491907922057 56 56 
1491907922073 56 57 
1491907922095 56 55 
1491907922116 54 55 
1491907922137 57 57 
1491907922153 55 56 
1491907922175 56 55 
1491907922196 55 56 
1491907922202 58 56 
1491907922233 56 56 
1491907922255 57 57 
1491907922276 57 58 
1491907922297 56 56 
1491907922313 57 56 
1491907922336 57 57 
1491907922357 56 57 
1491907922373 56 56 
1491907922396 56 56 
1491907922417 56 56 
1491907922433 57 56 
1491907922456 56 57 
1491907922477 55 55 
1491907922493 55 53 
1491907922516 54 53 
1491907922536 52 54 
1491907922552 50 52 
1491907922575 52 52 
1491907922596 50 51 
1491907922602 50 51 
1491907922633 49 48 
1491907922655 50 48 
1491907922676 47 47 
1491907922692 43 46 
1491907922715 45 44 
1491907922736 48 45 
1491907922757 48 47 
1491907922773 46 47 
1491907922795 45 45 
1491907922816 44 44 
1491907922837 43 44 
1491907922842 44 42 
1491907922874 43 41 
1491907922896 41 41 
1491907922917 42 42 
1491907922933 39 41 
1491907922956 39 39 
1491907922977 38 38 
1491907922998 38 40 
1491907923014 37 38 
1491907923035 36 35 
1491907923056 37 36 
1491907923072 36 38 
1491907923095 35 35 
1491907923116 35 34 
1491907923132 36 34 
1491907923155 33 34 
1491907923176 34 35 
1491907923197 33 33 
1491907923213 33 32 
1491907923235 31 32 
1491907923256 33 31 
1491907923277 30 32 
1491907923282 30 30 
1491907923314 30 30 
1491907923336 31 30 
1491907923357 28 30 
1491907923373 30 28 
1491907923396 29 29 
1491907923417 27 28 
1491907923438 27 28 
1491907923454 28 27 
1491907923476 28 28 
1491907923497 26 27 
1491907923512 26 25 
1491907923535 25 25 
1491907923556 27 27 
1491907923577 24 24 
1491907923593 24 24 
1491907923615 24 25 
1491907923636 26 25 
1491907923652 24 24 
1491907923675 22 23 
1491907923696 23 23 
1491907923717 23 23 
1491907923733 24 23 
1491907923756 21 22 
1491907923777 22 21 
1491907923793 21 20 
1491907923816 22 23 
1491907923837 21 20 
1491907923853 21 20 
1491907923876 20 20 
1491907923897 20 20 
1491907923913 20 21 
1491907923936 20 20 
1491907923956 17 19 
1491907923972 18 17 
1491907923995 18 16 
1491907924016 19 20 
1491907924037 19 20 
1491907924053 19 19 
1491907924075 17 16 
1491907924096 16 16 
1491907924102 17 17 
1491907924133 17 17 
1491907924156 18 17 
1491907924177 18 17 
1491907924193 16 16 
1491907924216 15 17 
1491907924237 14 15 
1491907924253 15 13 
1491907924276 16 15 
1491907924297 17 16 
1491907924313 15 17 
1491907924336 13 15 
1491907924357 13 12 
1491907924373 12 11 
1491907924396 14 13 
1491907924416 14 15 
1491907924432 16 16 
1491907924455 14 13 
1491907924476 12 12 
1491907924497 11 13 
1491907924513 11 11 
1491907924535 13 11 
1491907924556 12 12 
1491907924577 14 13 
1491907924593 13 14 
1491907924616 13 12 
1491907924637 12 11 
1491907924653 10 11 
1491907924675 10 12 
1491907924696 10 9 
1491907924717 11 9 
1491907924738 12 11 
1491907924754 11 12 
1491907924776 11 11 
1491907924797 11 11 
1491907924813 10 10 
1491907924836 10 10 
1491907924856 10 11 
1491907924877 10 10 
1491907924893 10 9 
1491907924936 20 20 
1491907924973 20 20 
1491907924995 11 10 
1491907925016 11 10 
1491907925037 10 11 
1491907925053 9 10 
1491907925076 10 9 
1491907925097 9 10 
1491907925113 9 10 
1491907925135 9 9 
1491907925156 9 9 
1491907925177 9 10 
1491907925193 9 11 
1491907925216 9 9 
1491907925237 9 9 
1491907925253 8 8 
1491907925276 7 8 
ROTATE: 1.57080
1491907925297 0 0 
1491907925318 -2 -2 
1491907925333 0 0 
1491907925355 0 0 
1491907925376 0 0 
1491907925392 0 0 
1491907925415 0 0 
1491907925436 1 -2 
1491907925457 2 -2 
1491907925473 4 -4 
1491907925495 3 -3 
1491907925516 2 -5 
1491907925537 4 -7 
1491907925553 4 -8 
1491907925575 2 -7 
1491907925596 8 -10 
1491907925617 9 -10 
1491907925633 12 -12 
1491907925656 15 -13 
1491907925677 16 -16 
1491907925693 18 -15 
1491907925716 21 -18 
1491907925737 19 -18 
1491907925757 17 -19 
1491907925773 18 -18 
1491907925795 19 -21 
1491907925816 18 -18 
1491907925832 18 -16 
1491907925855 17 -16 
1491907925876 18 -19 
1491907925897 18 -19 
1491907925913 18 -18 
1491907925935 18 -17 
1491907925956 21 -17 
1491907925977 22 -17 
1491907925993 19 -18 
1491907926015 19 -19 
1491907926036 18 -20 
1491907926057 17 -20 
1491907926073 19 -19 
1491907926096 18 -18 
1491907926117 18 -19 
1491907926133 18 -19 
1491907926156 18 -18 
1491907926177 20 -18 
1491907926198 20 -17 
1491907926214 20 -19 
1491907926235 19 -20 
1491907926256 19 -19 
1491907926272 18 -18 
1491907926295 21 -17 
1491907926316 20 -19 
1491907926337 18 -19 
1491907926353 18 -19 
1491907926375 18 -19 
1491907926396 19 -19 
1491907926417 20 -18 
1491907926433 20 -18 
1491907926455 20 -20 
1491907926476 19 -20 
1491907926497 19 -18 
1491907926513 19 -18 
1491907926536 21 -18 
1491907926557 20 -20 
1491907926573 18 -20 
1491907926596 18 -19 
1491907926617 19 -19 
1491907926656 39 -38 
1491907926677 20 -21 
1491907926693 19 -19 
1491907926716 19 -18 
1491907926736 20 -17 
1491907926752 20 -17 
1491907926775 20 -20 
1491907926796 19 -21 
1491907926817 19 -19 
1491907926833 20 -18 
1491907926855 19 -19 
1491907926876 21 -19 
1491907926897 19 -21 
1491907926913 18 -20 
1491907926936 18 -19 
1491907926957 19 -19 
1491907926973 20 -17 
1491907926996 21 -19 
1491907927017 20 -21 
1491907927033 21 -19 
1491907927056 20 -20 
1491907927077 20 -19 
1491907927093 21 -19 
1491907927116 20 -20 
1491907927137 18 -19 
1491907927153 18 -18 
1491907927175 17 -18 
1491907927196 17 -17 
1491907927202 16 -15 
1491907927233 16 -16 
1491907927255 16 -16 
1491907927276 15 -14 
1491907927292 15 -15 
1491907927315 16 -13 
1491907927336 15 -13 
1491907927357 13 -13 
1491907927373 12 -14 
1491907927396 13 -12 
1491907927417 12 -12 
1491907927433 12 -12 
1491907927455 13 -12 
1491907927476 11 -11 
1491907927497 12 -11 
1491907927513 11 -10 
1491907927536 10 -10 
1491907927557 9 -10 
1491907927573 10 -9 
1491907927596 10 -9 
1491907927617 9 -9 
1491907927638 10 -9 
1491907927654 10 -9 
1491907927675 9 -10 
1491907927696 9 -8 
1491907927712 9 -9 
1491907927735 8 -7 
1491907927756 7 -7 
1491907927777 6 -6 
1491907927793 6 -6 
1491907927815 6 -7 
1491907927836 7 -6 
1491907927857 7 -6 
1491907927873 7 -7 
1491907927895 8 -7 
1491907927937 15 -14 
1491907927953 8 -7 
1491907927976 8 -8 
1491907927997 8 -7 
1491907928013 8 -7 
1491907928036 7 -6 
1491907928057 6 -7 
1491907928078 7 -6 
1491907928094 5 -6 
1491907928115 6 -5 
1491907928136 7 -7 
1491907928153 7 -6 
1491907928175 7 -6 
1491907928196 8 -7 
1491907928217 8 -8 
1491907928233 9 -6 
1491907928255 8 -8 
1491907928276 8 -8 
1491907928297 8 -8 
1491907928313 8 -8 
1491907928335 6 -7 
1491907928356 7 -7 
1491907928377 6 -6 
1491907928393 6 -5 
1491907928416 6 -6 
1491907928437 7 -6 
1491907928453 6 -6 
1491907928476 8 -7 
1491907928497 8 -6 
1491907928513 8 -8 
1491907928536 8 -7 
1491907928557 8 -7 
1491907928573 8 -8 
1491907928596 8 -9 
1491907928616 7 -7 
1491907928632 7 -7 
1491907928655 7 -7 
1491907928676 6 -7 
1491907928697 6 -5 
1491907928713 7 -7 
1491907928756 12 -13 
1491907928777 6 -6 
1491907928793 5 -6 
1491907928816 8 -7 
STOP
1491907928837 8 -7 
1491907928853 8 -6 
1491907928876 0 1 
