1491907196781 0 0 
1491907196781 0 0 
1491907196824 0 0 
1491907196840 0 0 
1491907196863 0 0 
1491907196884 0 0 
1491907196900 0 0 
1491907196923 0 0 
1491907196944 0 0 
1491907196960 0 0 
1491907196983 0 0 
1491907197004 0 0 
1491907197020 0 0 
1491907197043 0 0 
1491907197064 0 0 
1491907197085 0 0 
1491907197101 0 0 
1491907197123 0 0 
1491907197144 0 0 
1491907197149 0 0 
1491907197181 0 0 
1491907197204 0 0 
1491907197225 0 0 
1491907197241 0 0 
1491907197262 0 0 
1491907197283 0 0 
1491907197304 0 0 
1491907197325 0 0 
1491907197341 0 0 
1491907197363 0 0 
1491907197384 0 0 
1491907197400 0 0 
1491907197423 0 0 
1491907197444 0 0 
1491907197465 0 0 
1491907197481 0 0 
1491907197503 0 0 
1491907197524 0 0 
1491907197540 0 0 
1491907197563 0 0 
1491907197584 0 0 
1491907197600 0 0 
1491907197624 0 0 
1491907197645 0 0 
1491907197661 0 0 
1491907197682 0 0 
1491907197703 0 0 
1491907197724 0 0 
1491907197740 0 0 
1491907197763 0 0 
STRAIGHT: 3.00000
1491907197784 0 0 
1491907197800 0 0 
1491907197823 0 0 
1491907197844 0 0 
1491907197860 0 0 
1491907197883 0 0 
1491907197904 0 0 
1491907197920 0 0 
1491907197943 0 0 
1491907197964 1 1 
1491907197980 5 6 
1491907198003 7 8 
1491907198024 6 5 
1491907198045 6 5 
1491907198061 7 8 
1491907198083 8 9 
1491907198104 11 11 
1491907198125 11 10 
1491907198141 11 11 
1491907198163 12 11 
1491907198183 13 14 
1491907198204 15 15 
1491907198220 17 18 
1491907198243 18 16 
1491907198264 19 20 
1491907198280 19 20 
1491907198303 20 20 
1491907198324 22 22 
1491907198345 24 23 
1491907198361 21 24 
1491907198383 23 23 
1491907198404 25 24 
1491907198420 27 29 
1491907198443 29 30 
1491907198464 29 29 
1491907198485 28 29 
1491907198501 31 31 
1491907198523 35 35 
1491907198544 34 35 
1491907198549 34 33 
1491907198581 33 34 
1491907198603 36 36 
1491907198624 38 37 
1491907198645 40 39 
1491907198660 41 43 
1491907198683 39 41 
1491907198704 41 40 
1491907198720 43 42 
1491907198743 46 46 
1491907198764 46 46 
1491907198785 47 47 
1491907198801 45 46 
1491907198823 46 47 
1491907198844 46 45 
1491907198860 48 47 
1491907198883 47 48 
1491907198904 48 48 
1491907198925 47 47 
1491907198941 44 45 
1491907198963 47 47 
1491907198984 46 47 
1491907199000 47 47 
1491907199023 48 47 
1491907199044 45 46 
1491907199065 46 47 
1491907199081 47 48 
1491907199103 48 47 
1491907199124 47 47 
1491907199140 47 46 
1491907199163 47 48 
1491907199184 47 48 
1491907199205 49 48 
1491907199221 48 48 
1491907199243 48 48 
1491907199264 45 45 
1491907199280 46 47 
1491907199303 46 47 
1491907199324 48 49 
1491907199345 49 48 
1491907199361 47 47 
1491907199383 48 45 
1491907199404 49 48 
1491907199420 47 48 
1491907199443 46 48 
1491907199464 46 48 
1491907199469 47 45 
1491907199501 49 47 
1491907199523 48 48 
1491907199544 49 48 
1491907199564 49 49 
1491907199581 48 48 
1491907199602 48 48 
1491907199623 47 48 
1491907199644 50 50 
1491907199660 48 49 
1491907199683 49 48 
1491907199704 48 49 
1491907199720 48 48 
1491907199743 48 49 
1491907199764 48 48 
1491907199785 48 49 
1491907199801 48 47 
1491907199823 48 48 
1491907199860 96 95 
1491907199904 97 99 
1491907199925 50 49 
1491907199941 48 47 
1491907199964 49 49 
1491907199985 48 50 
1491907200001 49 49 
1491907200022 48 48 
1491907200043 48 48 
1491907200064 47 47 
1491907200085 49 49 
1491907200101 51 50 
1491907200123 50 50 
1491907200144 49 49 
1491907200160 48 49 
1491907200183 48 49 
1491907200204 49 49 
1491907200225 51 50 
1491907200241 49 50 
1491907200263 49 49 
1491907200284 49 48 
1491907200300 49 49 
1491907200323 49 49 
1491907200344 49 49 
1491907200365 49 50 
1491907200381 49 51 
1491907200404 51 49 
1491907200425 49 49 
1491907200441 50 49 
1491907200463 49 49 
1491907200484 49 51 
1491907200504 49 49 
1491907200520 50 49 
1491907200543 50 49 
1491907200564 49 50 
1491907200580 50 50 
1491907200603 50 50 
1491907200624 50 50 
1491907200640 49 49 
1491907200663 51 50 
1491907200684 50 50 
1491907200700 50 50 
1491907200723 48 50 
1491907200744 51 50 
1491907200760 50 50 
1491907200783 50 48 
1491907200804 49 49 
1491907200825 51 51 
1491907200841 50 52 
1491907200864 50 50 
1491907200885 50 48 
1491907200901 50 49 
1491907200923 50 50 
1491907200965 101 102 
1491907200980 49 47 
1491907201003 50 50 
1491907201024 50 51 
1491907201040 51 51 
1491907201063 50 50 
1491907201084 51 51 
1491907201100 50 49 
1491907201123 51 51 
1491907201144 51 50 
1491907201160 49 51 
1491907201183 50 50 
1491907201204 50 51 
1491907201225 51 50 
1491907201241 50 49 
1491907201263 51 51 
1491907201284 50 51 
1491907201305 51 50 
1491907201321 51 49 
1491907201344 49 51 
1491907201365 49 51 
1491907201385 51 50 
1491907201401 49 48 
1491907201423 49 48 
1491907201444 52 49 
1491907201460 52 52 
1491907201483 52 51 
1491907201504 50 51 
1491907201525 51 52 
1491907201541 51 51 
1491907201563 51 52 
1491907201584 51 51 
1491907201600 51 50 
1491907201623 51 51 
1491907201644 51 52 
1491907201665 50 51 
1491907201681 51 51 
1491907201704 50 49 
1491907201725 50 51 
1491907201741 50 51 
1491907201763 52 52 
1491907201784 52 51 
1491907201805 52 52 
1491907201820 51 50 
1491907201843 50 51 
1491907201864 52 51 
1491907201880 51 52 
1491907201903 51 52 
1491907201924 50 48 
1491907201940 45 45 
1491907201963 46 47 
1491907201984 54 53 
1491907202005 58 57 
1491907202021 56 54 
1491907202043 52 52 
1491907202064 51 51 
1491907202069 52 51 
1491907202101 52 52 
1491907202123 53 52 
1491907202144 52 53 
1491907202165 51 51 
1491907202181 48 49 
1491907202203 49 49 
1491907202224 52 53 
1491907202244 53 53 
1491907202261 53 52 
1491907202283 50 50 
1491907202304 51 51 
1491907202320 51 52 
1491907202343 53 53 
1491907202364 53 52 
1491907202385 51 51 
1491907202401 50 51 
1491907202423 50 52 
1491907202444 54 53 
1491907202460 54 52 
1491907202483 52 52 
1491907202504 51 52 
1491907202520 51 52 
1491907202543 52 52 
1491907202564 54 52 
1491907202585 52 53 
1491907202601 51 52 
1491907202623 51 51 
1491907202644 52 52 
1491907202665 52 52 
1491907202670 53 52 
1491907202702 53 52 
1491907202723 51 52 
1491907202744 51 52 
1491907202760 52 52 
1491907202783 53 53 
1491907202804 53 52 
1491907202825 52 51 
1491907202841 52 53 
1491907202863 52 53 
1491907202884 53 53 
1491907202900 52 51 
1491907202923 53 52 
1491907202944 51 53 
1491907202965 52 53 
1491907202981 53 52 
1491907203003 52 52 
1491907203024 53 53 
1491907203029 51 52 
1491907203061 52 52 
1491907203083 52 52 
1491907203104 52 53 
1491907203125 54 52 
1491907203164 108 105 
1491907203185 51 52 
1491907203200 51 53 
1491907203223 52 51 
1491907203244 52 52 
1491907203265 54 54 
1491907203281 51 52 
1491907203303 52 52 
1491907203324 53 52 
1491907203340 52 52 
1491907203363 53 53 
1491907203384 51 53 
1491907203405 52 53 
1491907203421 53 52 
1491907203443 53 52 
1491907203464 54 52 
1491907203485 52 52 
1491907203501 52 53 
1491907203523 52 52 
1491907203544 53 53 
1491907203565 52 53 
1491907203581 53 53 
1491907203604 53 54 
1491907203625 53 52 
1491907203641 52 52 
1491907203663 53 53 
1491907203684 53 52 
1491907203700 52 54 
1491907203723 52 53 
1491907203744 53 52 
1491907203760 54 53 
1491907203783 55 54 
1491907203804 54 53 
1491907203820 51 51 
1491907203843 50 50 
1491907203864 52 52 
1491907203885 55 54 
1491907203901 55 55 
1491907203923 52 53 
1491907203944 52 52 
1491907203965 52 52 
1491907203981 53 53 
1491907204004 54 54 
1491907204025 53 54 
1491907204041 53 52 
1491907204064 51 52 
1491907204085 52 52 
1491907204100 54 52 
1491907204123 54 55 
1491907204144 52 53 
1491907204160 52 54 
1491907204183 53 52 
1491907204204 53 51 
1491907204220 54 54 
1491907204243 55 54 
1491907204264 53 55 
1491907204270 53 51 
1491907204301 52 53 
1491907204323 54 53 
1491907204344 53 53 
1491907204381 103 106 
1491907204403 54 53 
1491907204424 54 52 
1491907204445 54 54 
1491907204461 54 54 
1491907204484 53 54 
1491907204505 52 52 
1491907204521 53 52 
1491907204544 54 53 
1491907204565 54 55 
1491907204581 53 54 
1491907204603 54 54 
1491907204624 53 52 
1491907204640 52 53 
1491907204663 54 53 
1491907204684 55 55 
1491907204705 54 55 
1491907204721 53 53 
1491907204743 53 53 
1491907204764 54 52 
1491907204769 52 53 
1491907204801 54 56 
1491907204823 54 53 
1491907204844 54 53 
1491907204865 54 52 
1491907204881 53 54 
1491907204904 54 54 
1491907204925 55 53 
1491907204941 54 51 
1491907204964 53 54 
1491907204985 50 54 
1491907205006 52 53 
1491907205022 54 53 
1491907205044 55 52 
1491907205064 52 51 
1491907205080 55 55 
1491907205103 55 55 
1491907205124 55 55 
1491907205145 55 54 
1491907205161 55 55 
1491907205183 52 54 
1491907205204 54 55 
1491907205220 54 53 
1491907205243 56 55 
1491907205264 54 53 
1491907205285 54 54 
1491907205301 53 53 
1491907205323 53 55 
1491907205344 53 56 
1491907205365 56 54 
1491907205381 54 54 
1491907205403 54 53 
1491907205424 54 54 
1491907205445 55 55 
1491907205461 54 55 
1491907205484 55 54 
1491907205505 52 52 
1491907205521 52 52 
1491907205544 49 50 
1491907205565 53 51 
1491907205585 58 57 
1491907205601 61 60 
1491907205623 58 58 
1491907205644 55 54 
1491907205660 53 53 
1491907205683 55 54 
1491907205704 56 56 
1491907205725 56 56 
1491907205741 53 54 
1491907205763 52 52 
1491907205784 54 52 
1491907205789 54 54 
1491907205821 56 55 
1491907205843 55 55 
1491907205864 54 56 
1491907205885 54 55 
1491907205901 54 53 
1491907205924 56 56 
1491907205945 55 55 
1491907205961 55 55 
1491907205984 54 54 
1491907206005 55 55 
1491907206021 54 54 
1491907206043 56 55 
1491907206064 54 55 
1491907206080 53 54 
1491907206103 54 55 
1491907206124 55 53 
1491907206145 56 55 
1491907206161 54 56 
1491907206183 55 55 
1491907206204 55 54 
1491907206225 55 55 
1491907206241 54 55 
1491907206263 55 55 
1491907206284 54 54 
1491907206305 54 56 
1491907206321 56 55 
1491907206344 56 54 
1491907206365 54 54 
1491907206381 54 56 
1491907206404 56 54 
1491907206425 55 54 
1491907206446 56 56 
1491907206462 54 56 
1491907206484 55 55 
1491907206504 55 54 
1491907206520 54 55 
1491907206543 55 55 
1491907206564 55 54 
1491907206585 56 55 
1491907206602 55 56 
1491907206623 56 56 
1491907206644 56 55 
1491907206660 54 54 
1491907206683 53 55 
1491907206704 53 56 
1491907206725 55 55 
1491907206741 55 55 
1491907206764 58 56 
1491907206785 56 55 
1491907206801 51 52 
1491907206823 52 52 
1491907206844 55 53 
1491907206865 57 58 
1491907206886 57 56 
1491907206902 55 56 
1491907206945 108 107 
1491907206984 112 110 
1491907207004 54 56 
1491907207025 54 55 
1491907207041 54 55 
1491907207063 55 54 
1491907207084 56 55 
1491907207100 55 56 
1491907207123 55 54 
1491907207144 55 54 
1491907207165 55 56 
1491907207181 56 55 
1491907207204 55 56 
1491907207225 53 55 
1491907207241 54 55 
1491907207263 55 55 
1491907207284 57 53 
1491907207305 55 56 
1491907207321 55 55 
1491907207344 55 56 
1491907207365 55 54 
1491907207381 54 54 
1491907207404 54 56 
1491907207425 55 55 
1491907207441 56 55 
1491907207463 56 55 
1491907207484 55 56 
1491907207490 56 55 
1491907207521 54 54 
1491907207543 55 55 
1491907207564 56 55 
1491907207580 55 56 
1491907207603 55 55 
1491907207624 54 55 
1491907207645 56 57 
1491907207661 56 54 
1491907207683 55 54 
1491907207704 56 56 
1491907207725 54 56 
1491907207746 56 55 
1491907207762 56 55 
1491907207784 54 55 
1491907207805 55 56 
1491907207821 55 54 
1491907207844 56 56 
1491907207865 55 55 
1491907207886 56 56 
1491907207902 56 54 
1491907207924 57 56 
1491907207944 55 57 
1491907207960 55 55 
1491907207984 55 54 
1491907208005 53 56 
1491907208025 55 56 
1491907208041 55 56 
1491907208064 57 56 
1491907208085 56 55 
1491907208101 56 55 
1491907208123 55 55 
1491907208144 55 56 
1491907208165 55 55 
1491907208170 58 56 
1491907208202 57 57 
1491907208224 55 55 
1491907208245 53 54 
1491907208261 54 56 
1491907208284 56 55 
1491907208305 56 57 
1491907208326 57 55 
1491907208342 55 56 
1491907208364 55 56 
1491907208385 56 55 
1491907208401 56 54 
1491907208423 56 56 
1491907208444 54 56 
1491907208465 55 55 
1491907208481 55 54 
1491907208503 56 55 
1491907208524 58 57 
1491907208561 112 113 
1491907208583 54 55 
1491907208625 112 111 
1491907208641 56 57 
1491907208664 56 56 
1491907208685 54 55 
1491907208701 54 53 
1491907208724 56 56 
1491907208745 57 57 
1491907208766 56 58 
1491907208782 56 56 
1491907208804 56 54 
1491907208825 54 54 
1491907208841 57 57 
1491907208864 56 56 
1491907208885 55 56 
1491907208906 57 56 
1491907208921 55 55 
1491907208943 57 56 
1491907208964 56 57 
1491907208985 56 56 
1491907209001 57 56 
1491907209023 55 56 
1491907209044 55 55 
1491907209065 54 55 
1491907209081 55 57 
1491907209104 57 56 
1491907209125 56 54 
1491907209141 57 55 
1491907209164 55 56 
1491907209185 57 57 
1491907209201 56 57 
1491907209224 56 56 
1491907209245 55 56 
1491907209261 55 55 
1491907209284 56 56 
1491907209305 56 56 
1491907209326 57 56 
1491907209342 56 56 
1491907209364 56 56 
1491907209384 55 56 
1491907209390 57 56 
1491907209421 56 56 
1491907209443 57 56 
1491907209464 56 55 
1491907209485 56 56 
1491907209501 56 56 
1491907209524 57 56 
1491907209545 57 56 
1491907209561 56 56 
1491907209584 55 57 
1491907209605 56 57 
1491907209626 57 56 
1491907209642 56 56 
1491907209664 56 58 
1491907209685 56 56 
1491907209701 55 55 
1491907209724 56 56 
1491907209745 56 55 
1491907209766 58 57 
1491907209782 56 57 
1491907209804 56 57 
1491907209825 56 56 
1491907209841 56 54 
1491907209863 56 56 
1491907209884 56 57 
1491907209905 57 57 
1491907209921 56 54 
1491907209944 56 57 
1491907209965 55 56 
1491907209981 56 56 
1491907210004 55 58 
1491907210025 57 58 
1491907210041 57 55 
1491907210064 58 52 
1491907210085 56 53 
1491907210101 58 58 
1491907210124 57 56 
1491907210145 52 56 
1491907210161 50 54 
1491907210184 55 57 
1491907210205 59 57 
1491907210210 58 54 
1491907210242 56 55 
1491907210264 56 57 
1491907210285 57 57 
1491907210305 57 59 
1491907210321 56 59 
1491907210344 58 58 
1491907210365 56 55 
1491907210381 55 55 
1491907210404 56 56 
1491907210425 56 55 
1491907210441 55 54 
1491907210464 54 53 
1491907210501 106 109 
1491907210524 51 53 
1491907210545 52 52 
1491907210561 50 49 
1491907210584 50 51 
1491907210605 49 48 
1491907210621 49 48 
1491907210644 48 48 
1491907210665 47 47 
1491907210670 44 46 
1491907210702 43 43 
1491907210724 39 39 
1491907210745 42 42 
1491907210750 48 47 
1491907210781 50 48 
1491907210804 46 44 
1491907210824 40 39 
1491907210845 39 39 
1491907210861 40 43 
1491907210884 42 43 
1491907210904 41 40 
1491907210925 40 39 
1491907210941 38 37 
1491907210964 35 37 
1491907210985 36 36 
1491907211001 36 36 
1491907211024 38 39 
1491907211045 35 36 
1491907211066 35 35 
1491907211082 34 33 
1491907211104 36 34 
1491907211141 66 70 
1491907211164 33 33 
1491907211185 32 31 
1491907211190 31 32 
1491907211222 34 34 
1491907211243 32 31 
1491907211264 31 29 
1491907211285 29 29 
1491907211301 30 30 
1491907211323 29 30 
1491907211365 59 58 
1491907211404 54 56 
1491907211425 28 27 
1491907211441 29 28 
1491907211464 26 28 
1491907211485 25 25 
1491907211506 26 25 
1491907211522 27 26 
1491907211544 25 26 
1491907211565 23 25 
1491907211581 24 24 
1491907211604 26 24 
1491907211625 23 23 
1491907211646 22 23 
1491907211662 21 22 
1491907211684 24 23 
1491907211704 23 24 
1491907211725 20 20 
1491907211741 21 20 
1491907211763 21 22 
1491907211784 24 23 
1491907211805 22 21 
1491907211821 19 19 
1491907211844 17 19 
1491907211865 18 20 
1491907211881 23 21 
1491907211904 21 21 
1491907211925 17 17 
1491907211946 15 16 
1491907211962 18 17 
1491907211984 20 20 
1491907212005 21 21 
1491907212021 18 17 
1491907212044 14 14 
1491907212065 14 15 
1491907212086 18 18 
1491907212102 19 20 
1491907212124 20 18 
1491907212145 15 14 
1491907212161 12 13 
1491907212184 14 15 
1491907212205 17 17 
1491907212225 18 17 
1491907212241 17 16 
1491907212264 15 13 
1491907212285 13 14 
1491907212301 13 14 
1491907212324 14 14 
1491907212345 15 14 
1491907212366 14 14 
1491907212382 13 13 
1491907212404 14 13 
1491907212425 13 13 
1491907212441 13 13 
1491907212464 13 13 
1491907212485 13 14 
1491907212501 11 11 
1491907212524 12 10 
1491907212545 11 12 
1491907212561 11 11 
1491907212584 11 12 
1491907212605 12 11 
1491907212621 11 11 
1491907212644 11 12 
1491907212665 12 13 
1491907212686 12 11 
1491907212702 9 9 
1491907212723 9 10 
1491907212744 9 9 
1491907212765 10 9 
1491907212781 10 11 
1491907212804 11 11 
1491907212825 11 10 
1491907212841 10 11 
1491907212864 11 11 
1491907212885 10 10 
1491907212901 10 10 
1491907212924 9 8 
1491907212945 8 9 
1491907212961 10 9 
1491907212984 10 10 
1491907213005 10 10 
1491907213021 11 10 
1491907213044 10 12 
1491907213065 11 11 
1491907213081 12 10 
1491907213104 10 11 
1491907213125 8 9 
1491907213146 8 8 
1491907213162 10 8 
1491907213183 9 10 
1491907213204 9 10 
ROTATE: 1.57080
1491907213225 -1 -1 
1491907213241 -1 -2 
1491907213264 1 3 
1491907213285 1 0 
1491907213301 0 0 
1491907213324 1 0 
1491907213345 2 -1 
1491907213361 4 -1 
1491907213384 5 -1 
1491907213405 6 -5 
1491907213421 2 -8 
1491907213444 2 -8 
1491907213465 6 -6 
1491907213481 13 -7 
1491907213504 10 -8 
1491907213525 11 -11 
1491907213530 11 -13 
1491907213562 14 -15 
1491907213584 16 -12 
1491907213605 15 -14 
1491907213610 16 -17 
1491907213642 17 -18 
1491907213663 17 -17 
1491907213684 19 -19 
1491907213705 21 -19 
1491907213721 21 -17 
1491907213743 18 -19 
1491907213764 16 -18 
1491907213785 15 -19 
1491907213801 19 -19 
1491907213824 21 -16 
1491907213845 19 -16 
1491907213861 19 -19 
1491907213884 17 -19 
1491907213905 16 -18 
1491907213921 19 -19 
1491907213944 22 -17 
1491907213965 20 -17 
1491907213970 18 -20 
1491907214002 16 -19 
1491907214024 18 -19 
1491907214045 20 -17 
1491907214061 21 -17 
1491907214084 19 -18 
1491907214104 18 -20 
1491907214125 15 -20 
1491907214141 18 -19 
1491907214164 21 -17 
1491907214185 22 -17 
1491907214201 21 -19 
1491907214223 18 -19 
1491907214244 18 -20 
1491907214265 20 -19 
1491907214281 21 -18 
1491907214304 22 -17 
1491907214325 21 -20 
1491907214341 19 -20 
1491907214364 17 -21 
1491907214385 19 -18 
1491907214406 19 -17 
1491907214422 21 -18 
1491907214444 16 -19 
1491907214465 17 -20 
1491907214481 19 -19 
1491907214504 21 -18 
1491907214525 22 -18 
1491907214546 21 -19 
1491907214562 17 -20 
1491907214583 17 -21 
1491907214604 18 -19 
1491907214625 21 -17 
1491907214641 21 -17 
1491907214663 18 -19 
1491907214684 17 -21 
1491907214705 17 -21 
1491907214721 22 -18 
1491907214744 24 -17 
1491907214765 22 -18 
1491907214781 20 -19 
1491907214804 17 -23 
1491907214825 15 -20 
1491907214846 19 -19 
1491907214862 21 -16 
1491907214884 22 -16 
1491907214905 18 -21 
1491907214921 17 -21 
1491907214944 20 -20 
1491907214965 22 -19 
1491907214986 24 -18 
1491907215002 20 -19 
1491907215024 16 -22 
1491907215045 16 -19 
1491907215050 18 -18 
1491907215081 21 -16 
1491907215103 19 -13 
1491907215145 28 -35 
1491907215161 15 -15 
1491907215184 17 -15 
1491907215205 18 -15 
1491907215221 16 -14 
1491907215244 13 -13 
1491907215265 11 -15 
1491907215281 13 -13 
1491907215304 12 -11 
1491907215325 14 -10 
1491907215341 12 -13 
1491907215364 12 -14 
1491907215385 11 -13 
1491907215406 12 -9 
1491907215422 12 -9 
1491907215444 11 -9 
1491907215465 8 -10 
1491907215470 8 -11 
1491907215502 10 -9 
1491907215523 10 -9 
1491907215545 10 -10 
1491907215565 8 -11 
1491907215581 9 -10 
1491907215604 9 -8 
1491907215625 10 -4 
1491907215641 9 -6 
1491907215664 7 -7 
1491907215685 5 -8 
1491907215706 7 -7 
1491907215722 7 -7 
1491907215744 7 -8 
1491907215765 5 -6 
1491907215781 6 -7 
1491907215804 6 -8 
1491907215825 6 -7 
1491907215846 8 -6 
1491907215862 9 -8 
1491907215884 9 -9 
1491907215905 8 -6 
1491907215921 8 -6 
1491907215944 8 -7 
1491907215965 8 -5 
1491907215986 6 -6 
1491907216002 6 -6 
1491907216024 6 -7 
1491907216045 6 -8 
1491907216061 7 -6 
1491907216083 7 -7 
1491907216104 7 -8 
1491907216125 7 -9 
1491907216146 8 -7 
1491907216162 8 -8 
1491907216184 9 -8 
1491907216205 8 -6 
1491907216221 8 -6 
1491907216244 7 -7 
1491907216265 7 -6 
1491907216286 6 -6 
1491907216302 6 -7 
1491907216324 6 -7 
1491907216345 7 -7 
1491907216361 6 -6 
1491907216384 6 -7 
1491907216405 7 -7 
1491907216426 7 -8 
1491907216442 9 -8 
1491907216464 8 -9 
1491907216485 9 -9 
1491907216505 9 -6 
1491907216521 8 -7 
1491907216543 7 -6 
1491907216585 12 -12 
1491907216601 6 -6 
1491907216624 7 -8 
1491907216645 7 -7 
1491907216661 6 -6 
1491907216684 6 -7 
1491907216705 8 -8 
1491907216726 7 -8 
1491907216742 8 -8 
STOP
1491907216764 9 -9 
1491907216785 10 -9 
STRAIGHT: 3.00000
6 -5 
1491907216824 -3 4 
1491907216845 1 -1 
1491907216866 0 -1 
1491907216882 0 0 
1491907216904 0 0 
1491907216925 1 1 
1491907216946 1 2 
1491907216962 2 2 
1491907216984 4 3 
1491907217004 5 4 
1491907217025 4 5 
1491907217041 5 5 
1491907217064 5 5 
1491907217085 7 8 
1491907217101 9 8 
1491907217124 11 11 
1491907217145 10 10 
1491907217161 13 13 
1491907217184 13 13 
1491907217205 16 16 
1491907217221 16 17 
1491907217244 17 15 
1491907217265 16 17 
1491907217286 19 20 
1491907217302 21 22 
1491907217324 22 21 
1491907217345 21 19 
1491907217350 20 21 
1491907217382 22 24 
1491907217404 27 27 
1491907217425 29 29 
1491907217446 26 28 
1491907217462 26 25 
1491907217484 27 27 
1491907217505 33 35 
1491907217521 32 32 
1491907217544 33 32 
1491907217565 32 32 
1491907217586 35 36 
1491907217602 35 35 
1491907217624 39 38 
1491907217645 39 39 
1491907217661 38 39 
1491907217684 38 38 
1491907217705 42 43 
1491907217726 43 42 
1491907217742 44 44 
1491907217764 44 45 
1491907217785 45 44 
1491907217801 46 45 
1491907217824 47 48 
1491907217845 47 48 
1491907217866 48 48 
1491907217882 47 46 
1491907217905 45 47 
1491907217926 48 47 
1491907217942 47 48 
1491907217965 47 48 
1491907217985 45 46 
1491907218001 47 46 
1491907218024 47 47 
1491907218045 48 48 
1491907218061 48 47 
1491907218084 46 47 
1491907218105 47 47 
1491907218121 48 45 
1491907218144 48 47 
1491907218165 47 49 
1491907218181 48 48 
1491907218204 49 49 
1491907218225 50 48 
1491907218241 48 48 
1491907218264 47 47 
1491907218285 47 48 
1491907218306 48 48 
1491907218322 47 48 
1491907218344 46 49 
1491907218365 47 46 
1491907218386 46 45 
1491907218402 47 48 
1491907218424 49 50 
1491907218466 98 96 
1491907218482 47 47 
1491907218504 48 48 
1491907218526 48 48 
1491907218541 48 49 
1491907218564 48 48 
1491907218585 47 49 
1491907218601 49 47 
1491907218624 48 47 
1491907218645 50 49 
1491907218661 47 48 
1491907218684 49 49 
1491907218705 47 48 
1491907218721 48 48 
1491907218744 48 48 
1491907218765 49 48 
1491907218786 48 48 
1491907218802 47 48 
1491907218824 50 49 
1491907218845 49 49 
1491907218866 50 49 
1491907218882 48 49 
1491907218905 48 48 
1491907218926 48 48 
1491907218942 49 49 
1491907218964 49 49 
1491907218985 48 49 
1491907219001 49 48 
1491907219024 47 48 
1491907219045 49 49 
1491907219061 48 49 
1491907219084 51 50 
1491907219105 48 47 
1491907219121 49 49 
1491907219144 48 49 
1491907219165 50 50 
1491907219186 50 50 
1491907219202 49 48 
1491907219224 49 49 
1491907219245 48 49 
1491907219266 50 50 
1491907219282 49 50 
1491907219304 50 49 
1491907219325 50 50 
1491907219346 49 49 
1491907219362 49 49 
1491907219385 50 50 
1491907219406 49 50 
1491907219422 49 49 
1491907219444 51 49 
1491907219466 48 51 
1491907219481 50 49 
1491907219504 49 51 
1491907219525 51 50 
1491907219541 48 48 
1491907219564 51 50 
1491907219585 50 49 
1491907219606 50 51 
1491907219622 49 49 
1491907219644 50 50 
1491907219665 50 50 
1491907219702 101 99 
1491907219724 49 50 
1491907219745 51 50 
1491907219766 49 50 
1491907219782 51 50 
1491907219805 48 49 
1491907219826 50 51 
1491907219842 49 50 
1491907219865 51 49 
1491907219886 50 50 
1491907219907 51 51 
1491907219922 51 51 
1491907219944 49 51 
1491907219965 50 49 
1491907219981 50 49 
1491907220004 52 51 
1491907220025 50 51 
1491907220046 51 52 
1491907220062 50 49 
1491907220084 50 50 
1491907220105 51 51 
1491907220121 51 50 
1491907220144 51 51 
1491907220165 50 51 
1491907220186 49 50 
1491907220202 51 51 
1491907220225 51 49 
1491907220246 51 51 
1491907220262 50 51 
1491907220284 50 51 
1491907220305 51 51 
1491907220326 51 50 
1491907220342 53 51 
1491907220365 52 51 
1491907220385 50 51 
1491907220401 49 51 
1491907220424 51 50 
1491907220445 50 51 
1491907220461 52 51 
1491907220484 50 52 
1491907220505 51 51 
1491907220511 50 51 
1491907220542 51 50 
1491907220564 52 51 
1491907220585 52 52 
1491907220590 51 51 
1491907220622 51 51 
1491907220644 50 51 
1491907220665 51 51 
1491907220686 52 51 
1491907220702 52 50 
1491907220725 51 51 
1491907220746 50 51 
1491907220767 52 52 
1491907220783 52 51 
1491907220805 53 51 
1491907220826 50 52 
1491907220842 50 51 
1491907220864 50 51 
1491907220885 52 51 
1491907220906 52 51 
1491907220922 52 52 
1491907220944 51 52 
1491907220965 51 51 
1491907220981 50 50 
1491907221004 53 51 
1491907221025 53 52 
1491907221046 52 53 
1491907221062 52 51 
1491907221084 50 51 
1491907221105 51 51 
1491907221126 51 51 
1491907221142 53 51 
1491907221164 51 52 
1491907221185 51 52 
1491907221206 50 52 
1491907221222 51 50 
1491907221245 53 51 
1491907221266 52 53 
1491907221281 51 52 
1491907221305 52 52 
1491907221325 50 51 
1491907221346 53 52 
1491907221362 53 52 
1491907221384 52 52 
1491907221405 51 52 
1491907221421 51 51 
1491907221444 52 52 
1491907221465 53 52 
1491907221486 53 53 
1491907221502 52 52 
1491907221525 51 52 
1491907221546 51 52 
1491907221562 52 51 
1491907221584 53 53 
1491907221605 52 51 
1491907221626 52 52 
1491907221642 50 52 
1491907221665 51 52 
1491907221686 54 52 
1491907221701 53 52 
1491907221724 53 52 
1491907221745 50 52 
1491907221761 52 52 
1491907221784 53 52 
1491907221805 54 52 
1491907221811 51 53 
1491907221842 51 53 
1491907221864 51 51 
1491907221885 54 51 
1491907221901 52 53 
1491907221924 55 55 
1491907221945 51 52 
1491907221966 51 52 
1491907221982 52 52 
1491907222004 53 52 
1491907222025 53 53 
1491907222046 53 52 
1491907222051 51 52 
1491907222083 51 52 
1491907222105 52 52 
1491907222126 53 53 
1491907222142 53 52 
1491907222165 52 54 
1491907222186 52 52 
1491907222206 54 53 
1491907222245 104 105 
1491907222265 53 54 
1491907222281 52 52 
1491907222304 53 53 
1491907222325 54 52 
1491907222341 56 53 
1491907222364 55 54 
1491907222385 51 53 
1491907222406 50 53 
1491907222422 52 52 
1491907222444 55 52 
1491907222465 53 53 
1491907222486 52 53 
1491907222491 53 52 
1491907222523 53 52 
1491907222545 53 53 
1491907222566 54 54 
1491907222582 53 53 
1491907222605 53 52 
1491907222626 51 53 
1491907222646 52 52 
1491907222662 54 53 
1491907222684 55 53 
1491907222705 53 53 
1491907222721 51 52 
1491907222744 53 52 
1491907222765 53 52 
1491907222786 55 54 
1491907222802 53 54 
1491907222824 53 53 
1491907222845 53 54 
1491907222850 52 51 
1491907222882 53 52 
1491907222904 55 54 
1491907222925 52 55 
1491907222946 53 53 
1491907222962 52 52 
1491907222985 54 52 
1491907223006 52 54 
1491907223022 54 54 
1491907223045 52 52 
1491907223066 54 52 
1491907223087 52 54 
1491907223102 55 54 
1491907223124 54 53 
1491907223145 54 53 
1491907223161 51 54 
1491907223184 53 52 
1491907223205 53 52 
1491907223226 56 54 
1491907223242 53 54 
1491907223264 54 56 
1491907223285 52 52 
1491907223306 53 51 
1491907223322 53 53 
1491907223344 55 55 
1491907223365 53 54 
1491907223386 54 53 
1491907223402 52 53 
1491907223425 53 52 
1491907223446 53 52 
1491907223462 54 55 
1491907223485 53 54 
1491907223506 55 54 
1491907223522 53 52 
1491907223545 54 54 
1491907223566 53 53 
1491907223582 54 55 
1491907223604 52 53 
1491907223625 53 54 
1491907223642 54 53 
1491907223664 56 54 
1491907223685 53 54 
1491907223706 54 54 
1491907223722 53 53 
1491907223744 53 53 
1491907223765 54 54 
1491907223786 54 55 
1491907223802 54 54 
1491907223825 54 53 
1491907223846 53 52 
1491907223862 53 54 
1491907223885 54 54 
1491907223906 54 54 
1491907223922 53 54 
1491907223945 54 55 
1491907223966 54 53 
1491907223982 53 54 
1491907224005 54 54 
1491907224026 52 54 
1491907224042 54 52 
1491907224064 54 53 
1491907224085 55 55 
1491907224091 54 55 
1491907224122 54 54 
1491907224144 55 54 
1491907224165 53 53 
1491907224171 53 54 
1491907224202 55 56 
1491907224224 55 54 
1491907224245 55 54 
1491907224266 55 54 
1491907224282 53 55 
1491907224305 51 54 
1491907224326 54 52 
1491907224342 55 54 
1491907224365 55 55 
1491907224386 55 56 
1491907224402 53 54 
1491907224425 53 54 
1491907224446 53 53 
1491907224462 55 54 
1491907224484 56 55 
1491907224505 55 54 
1491907224526 54 54 
1491907224542 54 54 
1491907224564 54 56 
1491907224585 54 55 
1491907224591 55 53 
1491907224622 55 53 
1491907224644 52 55 
1491907224665 56 55 
1491907224686 54 54 
1491907224702 55 54 
1491907224725 54 55 
1491907224746 53 54 
1491907224762 54 55 
1491907224785 55 53 
1491907224806 56 56 
1491907224822 55 55 
1491907224845 54 54 
1491907224866 54 54 
1491907224882 54 53 
1491907224905 56 55 
1491907224926 55 55 
1491907224942 54 54 
1491907224964 53 54 
1491907224985 53 54 
1491907225006 55 54 
1491907225022 56 54 
1491907225044 55 55 
1491907225065 54 54 
1491907225086 53 54 
1491907225102 56 54 
1491907225125 54 55 
1491907225146 55 55 
1491907225162 54 56 
1491907225185 55 54 
1491907225206 55 54 
1491907225222 55 55 
1491907225245 55 55 
1491907225266 54 55 
1491907225282 54 54 
1491907225305 54 54 
1491907225326 54 54 
1491907225342 54 55 
1491907225365 55 55 
1491907225386 55 55 
1491907225407 56 55 
1491907225422 55 54 
1491907225444 56 55 
1491907225466 54 54 
1491907225471 54 55 
1491907225502 54 55 
1491907225524 55 54 
1491907225545 56 55 
1491907225566 56 56 
1491907225582 54 54 
1491907225605 55 55 
1491907225626 54 54 
1491907225642 55 55 
1491907225665 55 55 
1491907225686 55 56 
1491907225702 54 55 
1491907225725 55 54 
1491907225746 54 54 
1491907225762 56 55 
1491907225785 54 55 
1491907225805 56 55 
1491907225827 55 55 
1491907225843 56 55 
1491907225864 55 56 
1491907225885 55 55 
1491907225891 54 54 
1491907225922 55 55 
1491907225944 56 55 
1491907225965 55 55 
1491907225986 55 55 
1491907226002 55 56 
1491907226025 54 54 
1491907226046 55 54 
1491907226062 56 55 
1491907226085 55 56 
1491907226106 55 56 
1491907226127 56 54 
1491907226143 56 55 
1491907226165 55 55 
1491907226186 55 56 
1491907226202 55 55 
1491907226225 56 54 
1491907226246 54 55 
1491907226267 56 56 
1491907226283 56 55 
1491907226304 55 55 
1491907226325 54 55 
1491907226331 55 54 
1491907226362 57 56 
1491907226384 56 56 
1491907226405 54 55 
1491907226426 55 54 
1491907226442 54 53 
1491907226465 56 57 
1491907226486 56 55 
1491907226502 57 56 
1491907226525 53 55 
1491907226546 56 54 
1491907226562 55 55 
1491907226585 57 56 
1491907226606 54 56 
1491907226622 54 55 
1491907226645 54 55 
1491907226666 56 55 
1491907226682 56 55 
1491907226705 57 57 
1491907226726 55 56 
1491907226747 53 54 
1491907226763 56 53 
1491907226784 56 56 
1491907226805 56 56 
1491907226811 54 56 
1491907226842 55 56 
1491907226865 54 55 
1491907226886 56 54 
1491907226902 56 55 
1491907226924 55 56 
1491907226945 55 56 
1491907226966 55 55 
1491907226987 56 54 
1491907227003 55 55 
1491907227025 55 57 
1491907227046 56 55 
1491907227062 55 56 
1491907227085 56 54 
1491907227106 56 56 
1491907227127 57 57 
1491907227143 56 55 
1491907227165 55 55 
1491907227186 55 56 
1491907227202 56 55 
1491907227225 54 56 
1491907227245 55 56 
1491907227266 56 56 
1491907227282 56 55 
1491907227305 56 55 
1491907227326 56 56 
1491907227342 55 56 
1491907227364 56 55 
1491907227385 54 55 
1491907227406 56 55 
1491907227412 57 56 
1491907227443 56 56 
1491907227465 55 56 
1491907227502 112 110 
1491907227525 56 56 
1491907227546 55 56 
1491907227567 55 56 
1491907227583 56 55 
1491907227605 55 56 
1491907227626 57 56 
1491907227642 56 55 
1491907227665 55 55 
1491907227686 55 55 
1491907227706 57 55 
1491907227722 56 58 
1491907227744 56 56 
1491907227765 55 56 
1491907227802 111 110 
1491907227825 56 56 
1491907227846 57 57 
1491907227862 56 56 
1491907227885 55 55 
1491907227906 56 56 
1491907227922 56 55 
1491907227945 55 58 
1491907227966 57 57 
1491907227982 55 55 
1491907228005 56 56 
1491907228026 57 56 
1491907228042 56 56 
1491907228065 56 56 
1491907228086 56 55 
1491907228102 54 55 
1491907228125 56 55 
1491907228146 57 57 
1491907228151 56 58 
1491907228182 56 57 
1491907228204 57 55 
1491907228225 56 54 
1491907228246 57 56 
1491907228262 55 57 
1491907228285 56 58 
1491907228306 55 55 
1491907228322 56 56 
1491907228345 56 57 
1491907228366 57 56 
1491907228382 56 55 
1491907228405 57 56 
1491907228426 56 56 
1491907228442 56 56 
1491907228465 55 57 
1491907228486 56 57 
1491907228502 56 56 
1491907228525 56 56 
1491907228546 56 55 
1491907228562 56 58 
1491907228585 57 57 
1491907228606 56 55 
1491907228611 57 56 
1491907228643 56 56 
1491907228664 55 56 
1491907228685 55 55 
1491907228706 56 57 
1491907228722 57 56 
1491907228745 58 56 
1491907228766 56 56 
1491907228782 56 57 
1491907228805 55 56 
1491907228826 57 56 
1491907228842 56 55 
1491907228865 58 58 
1491907228886 55 56 
1491907228902 56 57 
1491907228925 56 56 
1491907228946 57 56 
1491907228962 56 57 
1491907228985 57 57 
1491907229006 57 56 
1491907229011 56 56 
1491907229043 56 56 
1491907229065 56 55 
1491907229086 55 57 
1491907229102 57 56 
1491907229124 56 55 
1491907229145 57 56 
1491907229166 57 57 
1491907229182 57 57 
1491907229205 56 57 
1491907229226 55 56 
1491907229242 56 56 
1491907229265 56 57 
1491907229286 56 56 
1491907229307 57 57 
1491907229323 57 56 
1491907229345 57 56 
1491907229366 56 56 
1491907229382 55 56 
1491907229405 56 57 
1491907229426 55 54 
1491907229447 53 54 
1491907229463 54 52 
1491907229485 53 53 
1491907229506 53 53 
1491907229522 50 51 
1491907229545 50 51 
1491907229566 49 49 
1491907229586 49 49 
1491907229602 48 48 
1491907229624 47 48 
1491907229645 47 47 
1491907229666 46 45 
1491907229682 47 45 
1491907229705 44 45 
1491907229726 44 44 
1491907229742 44 43 
1491907229765 43 43 
1491907229786 42 42 
1491907229802 42 42 
1491907229825 42 42 
1491907229846 40 41 
1491907229862 42 41 
1491907229885 41 41 
1491907229906 40 40 
1491907229927 38 37 
1491907229943 38 38 
1491907229965 38 39 
1491907229985 36 38 
1491907230006 36 36 
1491907230022 36 36 
1491907230045 35 35 
1491907230066 34 35 
1491907230082 35 33 
1491907230105 33 33 
1491907230126 33 32 
1491907230142 33 34 
1491907230165 34 34 
1491907230186 32 33 
1491907230202 33 31 
1491907230225 31 31 
1491907230246 29 30 
1491907230262 31 30 
1491907230285 31 30 
1491907230306 30 29 
1491907230322 29 30 
1491907230345 28 29 
1491907230366 26 27 
1491907230382 28 26 
1491907230405 30 29 
1491907230426 29 29 
1491907230431 25 26 
1491907230463 24 25 
1491907230485 28 25 
1491907230506 27 27 
1491907230522 23 26 
1491907230544 23 23 
1491907230565 26 25 
1491907230586 25 25 
1491907230607 22 25 
1491907230623 23 21 
1491907230645 24 23 
1491907230666 24 24 
1491907230682 21 24 
1491907230705 19 19 
1491907230726 21 18 
1491907230747 24 23 
1491907230763 24 24 
1491907230785 20 23 
1491907230806 19 17 
1491907230822 20 17 
1491907230845 21 22 
1491907230866 22 24 
1491907230886 19 21 
1491907230902 16 16 
1491907230925 18 16 
1491907230946 21 20 
1491907230962 20 21 
1491907230985 18 19 
1491907231006 15 16 
1491907231022 16 14 
1491907231045 18 17 
1491907231066 20 19 
1491907231082 18 17 
1491907231105 16 16 
1491907231126 14 15 
1491907231142 15 17 
1491907231165 17 17 
1491907231186 18 17 
1491907231191 18 15 
1491907231223 15 15 
1491907231245 13 13 
1491907231266 13 14 
1491907231271 16 14 
1491907231303 15 16 
1491907231326 13 15 
1491907231346 12 12 
1491907231362 13 12 
1491907231385 14 13 
1491907231406 14 15 
1491907231422 15 14 
1491907231445 13 12 
1491907231466 12 12 
1491907231482 12 13 
1491907231505 11 12 
1491907231526 12 12 
1491907231542 12 11 
1491907231565 12 11 
1491907231586 11 12 
1491907231607 13 12 
1491907231623 10 11 
1491907231645 11 12 
1491907231666 10 9 
1491907231682 9 10 
1491907231705 11 10 
1491907231726 9 11 
1491907231747 11 11 
1491907231763 11 10 
1491907231785 10 12 
1491907231806 11 10 
1491907231823 10 8 
1491907231845 9 10 
1491907231866 9 9 
1491907231882 9 9 
1491907231905 10 10 
1491907231926 10 10 
1491907231942 10 10 
1491907231965 11 11 
1491907231986 11 10 
1491907232002 12 11 
1491907232025 10 10 
1491907232046 8 9 
1491907232051 6 7 
1491907232083 9 8 
1491907232105 10 11 
1491907232126 11 10 
1491907232142 9 9 
1491907232165 9 9 
1491907232186 10 11 
1491907232207 12 12 
1491907232223 12 11 
ROTATE: 1.57080
1491907232245 7 6 
1491907232266 -5 -3 
1491907232282 0 0 
1491907232305 0 0 
1491907232326 0 0 
1491907232347 0 0 
1491907232363 2 -2 
1491907232385 2 -2 
1491907232406 0 -3 
1491907232422 0 -5 
1491907232445 4 -5 
1491907232466 6 -4 
1491907232487 6 -1 
1491907232503 6 -7 
1491907232525 10 -9 
1491907232546 12 -8 
1491907232551 12 -12 
1491907232583 13 -12 
1491907232605 15 -16 
1491907232626 14 -14 
1491907232647 16 -16 
1491907232663 18 -18 
1491907232686 21 -17 
1491907232706 18 -16 
1491907232722 17 -19 
1491907232745 18 -20 
1491907232766 18 -19 
1491907232782 17 -18 
1491907232805 21 -15 
1491907232826 20 -18 
1491907232842 19 -19 
1491907232865 17 -17 
1491907232886 17 -19 
1491907232902 19 -19 
1491907232925 21 -16 
1491907232946 19 -17 
1491907232962 18 -20 
1491907232985 16 -19 
1491907233006 17 -19 
1491907233022 20 -17 
1491907233045 22 -15 
1491907233066 20 -18 
1491907233087 18 -20 
1491907233103 17 -20 
1491907233126 17 -19 
1491907233147 20 -18 
1491907233163 21 -16 
1491907233184 20 -19 
1491907233205 17 -20 
1491907233226 17 -20 
1491907233242 19 -19 
1491907233265 22 -15 
1491907233286 21 -16 
1491907233302 20 -20 
1491907233325 16 -19 
1491907233346 16 -20 
1491907233362 20 -20 
1491907233385 21 -16 
1491907233406 21 -17 
1491907233422 18 -20 
1491907233445 17 -20 
1491907233466 17 -20 
1491907233471 20 -19 
1491907233503 23 -16 
1491907233525 21 -18 
1491907233546 18 -20 
1491907233567 16 -20 
1491907233583 19 -21 
1491907233604 20 -18 
1491907233625 23 -16 
1491907233646 20 -18 
1491907233662 17 -20 
1491907233685 15 -21 
1491907233722 42 -37 
1491907233745 23 -18 
1491907233766 20 -19 
1491907233787 16 -21 
1491907233803 17 -21 
1491907233825 20 -19 
1491907233846 23 -17 
1491907233862 22 -17 
1491907233885 19 -20 
1491907233906 16 -22 
1491907233927 18 -21 
1491907233943 22 -18 
1491907233966 23 -17 
1491907233987 21 -18 
1491907234003 16 -21 
1491907234025 17 -21 
1491907234046 20 -20 
1491907234067 23 -18 
1491907234083 21 -15 
1491907234105 18 -19 
1491907234126 14 -20 
1491907234142 15 -18 
1491907234165 19 -15 
1491907234186 20 -15 
1491907234202 18 -14 
1491907234225 14 -16 
1491907234246 12 -16 
1491907234262 12 -14 
1491907234285 16 -13 
1491907234306 17 -13 
1491907234322 14 -14 
1491907234345 12 -14 
1491907234366 12 -13 
1491907234387 11 -11 
1491907234403 12 -11 
1491907234426 12 -10 
1491907234447 11 -10 
1491907234463 11 -11 
1491907234485 11 -11 
1491907234506 9 -9 
1491907234527 10 -10 
1491907234542 10 -8 
1491907234565 10 -7 
1491907234586 8 -8 
1491907234602 9 -10 
1491907234625 8 -8 
1491907234646 9 -9 
1491907234662 8 -8 
1491907234685 8 -7 
1491907234706 8 -9 
1491907234722 7 -8 
1491907234745 7 -7 
1491907234766 8 -6 
1491907234782 8 -6 
1491907234805 8 -6 
1491907234826 7 -6 
1491907234847 7 -6 
1491907234863 7 -6 
1491907234885 6 -7 
1491907234906 6 -5 
1491907234927 6 -7 
1491907234943 6 -8 
1491907234966 7 -6 
1491907234986 7 -7 
1491907235002 8 -7 
1491907235025 7 -8 
1491907235046 8 -7 
1491907235062 8 -7 
1491907235085 8 -7 
1491907235106 8 -7 
1491907235122 8 -5 
1491907235145 7 -6 
1491907235166 6 -5 
1491907235182 7 -6 
1491907235205 6 -7 
1491907235226 6 -6 
1491907235247 7 -6 
1491907235263 7 -9 
1491907235285 7 -6 
1491907235306 7 -7 
1491907235327 8 -7 
1491907235343 8 -9 
1491907235365 7 -7 
1491907235386 8 -7 
1491907235407 8 -8 
1491907235423 8 -7 
1491907235446 7 -5 
1491907235467 7 -5 
1491907235482 7 -6 
1491907235505 6 -6 
1491907235526 6 -7 
1491907235542 7 -7 
1491907235565 8 -8 
1491907235586 7 -7 
1491907235625 15 -14 
1491907235646 8 -8 
1491907235667 8 -8 
1491907235683 8 -8 
1491907235705 9 -9 
1491907235726 9 -7 
1491907235731 7 -6 
1491907235763 6 -6 
STOP
1491907235785 7 -6 
STRAIGHT: 3.00000
1491907235843 2 -1 
1491907235866 0 0 
1491907235887 0 0 
1491907235903 0 0 
1491907235925 1 1 
1491907235946 0 3 
1491907235962 2 3 
1491907235985 3 4 
1491907236006 6 6 
1491907236022 3 5 
1491907236045 6 7 
1491907236066 6 6 
1491907236082 9 9 
1491907236105 9 10 
1491907236126 10 10 
1491907236147 11 11 
1491907236163 12 13 
1491907236185 13 15 
1491907236206 15 15 
1491907236227 16 16 
1491907236232 17 18 
1491907236264 17 17 
1491907236286 20 18 
1491907236307 20 20 
1491907236323 20 23 
1491907236345 20 21 
1491907236366 23 21 
1491907236387 25 24 
1491907236403 25 26 
1491907236425 26 26 
1491907236446 27 27 
1491907236462 29 30 
1491907236485 28 29 
1491907236506 32 31 
1491907236527 32 31 
1491907236543 33 34 
1491907236565 33 34 
1491907236586 36 34 
1491907236607 36 34 
1491907236623 37 39 
1491907236645 38 40 
1491907236666 39 37 
1491907236687 40 41 
1491907236703 42 41 
1491907236726 41 42 
1491907236747 44 43 
1491907236763 44 44 
1491907236786 45 46 
1491907236807 47 47 
1491907236827 47 47 
1491907236843 46 46 
1491907236865 47 47 
1491907236886 47 48 
1491907236902 47 47 
1491907236925 47 47 
1491907236946 48 47 
1491907236967 46 48 
1491907236983 47 46 
1491907237005 48 48 
1491907237026 46 46 
1491907237047 46 46 
1491907237063 47 48 
1491907237085 48 47 
1491907237106 48 48 
1491907237127 48 47 
1491907237143 47 48 
1491907237166 47 47 
1491907237187 47 47 
1491907237203 46 48 
1491907237226 46 47 
1491907237247 47 47 
1491907237267 49 48 
1491907237284 48 48 
1491907237305 50 49 
1491907237326 50 48 
1491907237342 47 46 
1491907237365 45 46 
1491907237386 48 47 
1491907237407 50 51 
1491907237423 49 50 
1491907237445 48 48 
1491907237466 48 46 
1491907237487 48 47 
1491907237503 50 50 
1491907237525 49 49 
1491907237567 92 95 
1491907237583 47 47 
1491907237606 49 49 
1491907237627 50 50 
1491907237643 49 48 
1491907237666 48 48 
1491907237687 48 47 
1491907237703 49 49 
1491907237726 50 49 
1491907237746 49 50 
1491907237763 48 48 
1491907237785 47 48 
1491907237806 48 47 
1491907237827 49 49 
1491907237843 50 49 
1491907237865 48 49 
1491907237886 48 48 
1491907237892 50 48 
1491907237945 100 100 
1491907237966 50 51 
1491907237987 49 48 
1491907238003 46 47 
1491907238026 47 48 
1491907238047 50 49 
1491907238063 51 48 
1491907238086 48 51 
1491907238107 47 48 
1491907238128 48 49 
1491907238144 52 49 
1491907238166 51 50 
1491907238187 49 50 
1491907238203 49 49 
1491907238225 48 48 
1491907238246 49 49 
1491907238267 50 50 
1491907238283 49 50 
1491907238305 49 49 
1491907238326 48 49 
1491907238332 47 48 
1491907238363 50 49 
1491907238385 51 50 
1491907238406 51 50 
1491907238427 49 49 
1491907238443 49 50 
1491907238466 51 50 
1491907238487 49 49 
1491907238503 51 50 
1491907238526 48 50 
1491907238547 50 50 
1491907238568 49 50 
1491907238584 52 49 
1491907238606 50 51 
1491907238627 50 50 
1491907238643 49 50 
1491907238665 49 49 
1491907238686 50 50 
1491907238707 50 51 
1491907238723 51 50 
1491907238745 50 51 
1491907238766 51 50 
1491907238772 49 49 
1491907238803 50 50 
1491907238825 49 51 
1491907238846 51 50 
1491907238867 50 50 
1491907238883 51 50 
1491907238906 50 51 
1491907238927 50 49 
1491907238943 51 51 
1491907238966 49 49 
1491907238987 51 50 
1491907239003 51 50 
1491907239026 51 52 
1491907239047 49 51 
1491907239063 50 49 
1491907239086 50 50 
1491907239107 52 51 
1491907239123 51 51 
1491907239145 50 51 
1491907239166 49 51 
1491907239172 51 50 
1491907239203 50 51 
1491907239225 53 50 
1491907239246 53 52 
1491907239252 52 51 
1491907239283 49 51 
1491907239306 50 48 
1491907239327 52 50 
1491907239343 53 53 
1491907239366 52 51 
1491907239387 48 49 
1491907239403 48 48 
1491907239426 52 50 
1491907239447 51 51 
1491907239463 51 52 
1491907239486 49 51 
1491907239507 49 49 
1491907239523 49 51 
1491907239546 52 52 
1491907239566 52 52 
1491907239572 51 50 
1491907239603 51 51 
1491907239625 50 51 
1491907239646 50 50 
1491907239662 50 51 
1491907239685 51 52 
1491907239706 52 52 
1491907239727 50 50 
1491907239743 50 51 
1491907239767 52 51 
1491907239787 52 52 
1491907239803 52 52 
1491907239826 52 51 
1491907239847 52 51 
1491907239868 53 52 
1491907239884 47 51 
1491907239906 48 48 
1491907239927 52 50 
1491907239943 54 52 
1491907239966 52 53 
1491907239987 49 49 
1491907240008 51 51 
1491907240024 53 51 
1491907240046 51 53 
1491907240067 52 53 
1491907240083 52 50 
1491907240105 50 49 
1491907240126 50 51 
1491907240147 52 53 
1491907240163 51 52 
1491907240185 52 51 
1491907240206 51 50 
1491907240212 51 51 
1491907240243 52 52 
1491907240265 51 52 
1491907240286 52 51 
1491907240307 52 52 
1491907240323 50 51 
1491907240346 52 51 
1491907240367 52 52 
1491907240383 51 52 
1491907240406 52 52 
1491907240427 52 52 
1491907240432 53 51 
1491907240464 51 52 
1491907240486 52 53 
1491907240507 51 52 
1491907240523 51 51 
1491907240546 52 51 
1491907240567 52 52 
1491907240588 52 53 
1491907240604 52 52 
1491907240626 53 52 
1491907240647 51 52 
1491907240663 52 52 
1491907240686 51 51 
1491907240707 53 53 
1491907240728 53 53 
1491907240744 52 52 
1491907240765 52 51 
1491907240786 53 52 
1491907240802 51 52 
1491907240825 52 52 
1491907240846 52 53 
1491907240867 53 52 
1491907240883 52 52 
1491907240905 53 52 
1491907240926 51 52 
1491907240947 54 52 
1491907240963 52 53 
1491907240985 52 51 
1491907241006 53 52 
1491907241027 53 53 
1491907241043 51 53 
1491907241066 53 52 
1491907241087 50 50 
1491907241103 50 53 
1491907241126 51 53 
1491907241147 53 54 
1491907241168 54 53 
1491907241184 52 48 
1491907241206 50 48 
1491907241226 51 52 
1491907241243 53 54 
1491907241265 53 53 
1491907241286 54 53 
1491907241307 52 52 
1491907241323 51 53 
1491907241345 53 53 
1491907241366 54 52 
1491907241387 53 52 
1491907241403 53 53 
1491907241425 50 52 
1491907241446 52 51 
1491907241467 53 53 
1491907241483 53 55 
1491907241506 52 53 
1491907241527 52 51 
1491907241543 52 52 
1491907241566 53 52 
1491907241587 53 55 
1491907241608 54 53 
1491907241624 52 52 
1491907241646 53 54 
1491907241667 51 52 
1491907241683 54 52 
1491907241706 52 53 
1491907241727 53 51 
1491907241747 52 53 
1491907241763 54 53 
1491907241785 54 53 
1491907241806 54 54 
1491907241827 51 53 
1491907241843 52 52 
1491907241865 52 52 
1491907241886 55 53 
1491907241907 53 54 
1491907241923 54 53 
1491907241946 52 52 
1491907241967 51 51 
1491907241983 53 54 
1491907242006 54 54 
1491907242027 54 54 
1491907242043 54 53 
1491907242066 51 52 
1491907242087 53 52 
1491907242103 53 54 
1491907242126 54 53 
1491907242147 53 54 
1491907242163 53 53 
1491907242185 53 52 
1491907242206 53 53 
1491907242227 54 55 
1491907242243 52 52 
1491907242265 54 53 
1491907242286 52 52 
1491907242307 52 53 
1491907242323 55 54 
1491907242346 54 54 
1491907242367 53 54 
1491907242383 53 52 
1491907242406 52 52 
1491907242427 53 53 
1491907242443 55 55 
1491907242466 54 54 
1491907242487 53 54 
1491907242503 53 52 
1491907242526 52 53 
1491907242547 53 53 
1491907242563 53 55 
1491907242586 54 53 
1491907242606 54 54 
1491907242627 53 53 
1491907242643 52 53 
1491907242665 55 54 
1491907242686 53 53 
1491907242707 55 54 
1491907242723 54 53 
1491907242746 55 54 
1491907242767 53 54 
1491907242783 54 54 
1491907242806 53 55 
1491907242827 51 53 
1491907242843 53 53 
1491907242866 56 52 
1491907242887 57 56 
1491907242908 58 56 
1491907242924 53 55 
1491907242946 51 53 
1491907242967 53 53 
1491907242983 53 52 
1491907243006 55 55 
1491907243027 53 52 
1491907243048 55 53 
1491907243064 54 53 
1491907243086 53 54 
1491907243106 55 55 
1491907243122 55 54 
1491907243145 54 54 
1491907243166 54 54 
1491907243187 53 54 
1491907243203 53 52 
1491907243226 55 54 
1491907243247 53 55 
1491907243263 53 53 
1491907243286 54 52 
1491907243307 54 54 
1491907243328 54 56 
1491907243344 55 55 
1491907243366 55 53 
1491907243387 53 53 
1491907243403 54 54 
1491907243426 54 55 
1491907243447 55 55 
1491907243463 55 53 
1491907243486 54 55 
1491907243507 53 53 
1491907243512 54 55 
1491907243543 54 54 
1491907243565 55 55 
1491907243586 54 54 
1491907243592 54 55 
1491907243623 54 55 
1491907243646 55 53 
1491907243667 53 55 
1491907243683 55 54 
1491907243706 54 54 
1491907243727 55 54 
1491907243743 54 54 
1491907243766 55 55 
1491907243787 54 54 
1491907243803 55 55 
1491907243826 54 54 
1491907243847 55 54 
1491907243863 54 54 
1491907243886 54 53 
1491907243907 55 56 
1491907243928 55 54 
1491907243944 53 55 
1491907243966 55 53 
1491907243986 54 54 
1491907243992 55 55 
1491907244023 54 55 
1491907244045 54 54 
1491907244066 56 55 
1491907244087 55 54 
1491907244103 54 54 
1491907244125 54 54 
1491907244146 54 55 
1491907244167 54 53 
1491907244183 55 54 
1491907244206 55 55 
1491907244227 55 56 
1491907244243 55 55 
1491907244266 54 55 
1491907244287 54 53 
1491907244303 55 54 
1491907244326 55 54 
1491907244347 55 56 
1491907244363 54 55 
1491907244386 54 53 
1491907244407 56 55 
1491907244412 54 55 
1491907244444 56 55 
1491907244465 54 55 
1491907244486 56 56 
1491907244507 54 53 
1491907244523 55 55 
1491907244546 54 55 
1491907244567 53 56 
1491907244583 53 54 
1491907244606 56 54 
1491907244627 58 56 
1491907244643 59 56 
1491907244666 56 56 
1491907244687 54 55 
1491907244703 51 50 
1491907244726 55 54 
1491907244747 58 59 
1491907244763 57 58 
1491907244786 57 56 
1491907244807 54 54 
1491907244812 54 51 
1491907244844 53 53 
1491907244866 55 57 
1491907244887 56 58 
1491907244907 55 56 
1491907244923 53 53 
1491907244945 55 54 
1491907244966 55 55 
1491907244987 56 56 
1491907245003 55 55 
1491907245025 55 55 
1491907245046 54 54 
1491907245067 56 57 
1491907245083 54 56 
1491907245106 55 55 
1491907245143 109 109 
1491907245166 55 54 
1491907245187 57 56 
1491907245208 58 57 
1491907245224 57 57 
1491907245246 54 55 
1491907245267 51 52 
1491907245283 51 52 
1491907245306 57 55 
1491907245327 57 58 
1491907245342 56 56 
1491907245365 54 55 
1491907245386 54 53 
1491907245407 56 55 
1491907245423 56 57 
1491907245446 55 56 
1491907245466 55 54 
1491907245487 55 55 
1491907245503 54 56 
1491907245526 56 56 
1491907245547 56 54 
1491907245563 56 56 
1491907245586 54 54 
1491907245607 55 56 
1491907245623 54 53 
1491907245646 56 56 
1491907245667 55 56 
1491907245683 57 55 
1491907245706 55 56 
1491907245727 55 54 
1491907245743 55 55 
1491907245766 56 55 
1491907245787 56 56 
1491907245803 56 56 
1491907245826 54 56 
1491907245847 55 54 
1491907245863 54 54 
1491907245886 57 56 
1491907245907 56 57 
1491907245923 55 55 
1491907245946 54 56 
1491907245967 54 53 
1491907245987 56 56 
1491907246003 59 58 
1491907246025 55 55 
1491907246046 53 52 
1491907246067 54 55 
1491907246083 56 55 
1491907246106 56 58 
1491907246127 57 57 
1491907246143 55 55 
1491907246166 55 54 
1491907246187 55 55 
1491907246203 56 56 
1491907246226 56 57 
1491907246247 55 56 
1491907246263 56 54 
1491907246286 55 54 
1491907246307 56 55 
1491907246323 55 57 
1491907246346 56 56 
1491907246367 54 55 
1491907246383 55 56 
1491907246406 56 55 
1491907246427 58 55 
1491907246443 54 56 
1491907246466 56 56 
1491907246487 56 55 
1491907246503 57 56 
1491907246526 56 57 
1491907246547 56 56 
1491907246568 54 57 
1491907246584 55 54 
1491907246605 56 55 
1491907246626 56 56 
1491907246663 113 112 
1491907246686 55 55 
1491907246707 56 56 
1491907246723 56 56 
1491907246745 55 55 
1491907246766 55 57 
1491907246787 55 55 
1491907246808 57 56 
1491907246824 57 55 
1491907246846 55 57 
1491907246867 55 56 
1491907246883 55 55 
1491907246906 54 53 
1491907246927 55 55 
1491907246948 57 57 
1491907246964 59 58 
1491907246986 57 57 
1491907247007 56 56 
1491907247012 53 53 
1491907247044 56 56 
1491907247065 56 57 
1491907247086 57 57 
1491907247107 56 56 
1491907247123 55 54 
1491907247146 56 55 
1491907247167 56 57 
1491907247183 57 57 
1491907247206 56 57 
1491907247227 55 56 
1491907247248 55 56 
1491907247264 57 55 
1491907247286 56 56 
1491907247307 56 57 
1491907247323 55 55 
1491907247346 57 55 
1491907247367 56 56 
1491907247388 57 58 
1491907247404 57 56 
1491907247426 56 57 
1491907247447 56 56 
1491907247463 56 56 
1491907247486 55 55 
1491907247507 56 56 
1491907247527 56 57 
1491907247543 57 55 
1491907247566 56 57 
1491907247587 58 55 
1491907247603 54 55 
1491907247626 56 57 
1491907247647 56 57 
1491907247663 56 56 
1491907247686 56 57 
1491907247707 56 55 
1491907247723 57 55 
1491907247746 56 57 
1491907247767 56 56 
1491907247783 56 56 
1491907247806 57 57 
1491907247827 56 57 
1491907247864 112 114 
1491907247886 56 55 
1491907247907 55 56 
1491907247923 56 54 
1491907247946 56 57 
1491907247966 58 57 
1491907247987 55 57 
1491907248003 56 56 
1491907248026 56 56 
1491907248047 58 56 
1491907248063 59 57 
1491907248085 56 58 
1491907248127 109 110 
1491907248143 58 56 
1491907248166 56 58 
1491907248187 56 55 
1491907248203 54 53 
1491907248226 55 55 
1491907248247 56 58 
1491907248263 58 57 
1491907248286 56 58 
1491907248307 55 56 
1491907248323 55 54 
1491907248346 58 56 
1491907248367 57 57 
1491907248383 58 57 
1491907248406 56 56 
1491907248427 54 53 
1491907248447 52 54 
1491907248463 54 55 
1491907248485 52 53 
1491907248506 53 51 
1491907248527 50 50 
1491907248548 51 50 
1491907248564 50 51 
1491907248586 50 49 
1491907248607 49 48 
1491907248623 48 48 
1491907248646 46 48 
1491907248667 45 45 
1491907248688 47 46 
1491907248704 45 46 
1491907248726 45 44 
1491907248747 44 45 
1491907248763 43 42 
1491907248786 41 43 
1491907248807 42 42 
1491907248828 41 41 
1491907248844 39 41 
1491907248866 41 40 
1491907248887 40 40 
1491907248907 39 39 
1491907248923 38 38 
1491907248945 38 37 
1491907248966 38 38 
1491907248987 38 39 
1491907249003 37 37 
1491907249026 35 35 
1491907249047 35 35 
1491907249063 34 34 
1491907249086 34 34 
1491907249107 35 34 
1491907249128 34 33 
1491907249144 32 33 
1491907249187 66 66 
1491907249226 63 63 
1491907249247 30 30 
1491907249268 32 32 
1491907249284 31 31 
1491907249306 30 29 
1491907249327 29 30 
1491907249348 28 29 
1491907249364 28 28 
1491907249386 28 28 
1491907249406 28 27 
1491907249427 26 27 
1491907249443 26 26 
1491907249466 26 25 
1491907249487 26 27 
1491907249503 25 26 
1491907249526 25 25 
1491907249547 25 25 
1491907249568 25 25 
1491907249584 23 23 
1491907249606 24 24 
1491907249643 47 47 
1491907249666 23 22 
1491907249687 23 23 
1491907249708 21 23 
1491907249724 23 21 
1491907249746 24 22 
1491907249767 20 21 
1491907249788 18 21 
1491907249804 19 20 
1491907249825 22 20 
1491907249846 21 19 
1491907249867 21 19 
1491907249883 18 19 
1491907249906 18 19 
1491907249943 38 37 
1491907249966 19 18 
1491907249987 19 18 
1491907250003 17 18 
1491907250026 17 18 
1491907250047 17 18 
1491907250063 18 15 
1491907250086 17 16 
1491907250107 17 16 
1491907250128 16 17 
1491907250144 16 17 
1491907250166 17 17 
1491907250187 16 14 
1491907250208 16 13 
1491907250224 15 15 
1491907250246 15 15 
1491907250267 14 14 
1491907250287 14 15 
1491907250304 14 15 
1491907250326 14 13 
1491907250347 16 13 
1491907250363 14 13 
1491907250386 13 13 
1491907250407 13 14 
1491907250428 12 13 
1491907250444 12 13 
1491907250466 12 13 
1491907250487 14 12 
1491907250503 14 12 
1491907250526 12 11 
1491907250547 11 11 
1491907250568 12 12 
1491907250584 11 13 
1491907250607 10 12 
1491907250628 10 11 
1491907250644 10 10 
1491907250666 13 10 
1491907250687 12 11 
1491907250707 11 10 
1491907250723 11 10 
1491907250746 10 10 
1491907250767 9 11 
1491907250783 9 10 
1491907250806 8 9 
1491907250827 10 9 
1491907250843 10 10 
1491907250866 11 9 
1491907250887 12 10 
1491907250892 11 10 
1491907250924 10 9 
1491907250946 10 11 
1491907250967 10 10 
1491907250972 10 10 
1491907251004 7 8 
1491907251026 8 10 
1491907251047 10 9 
1491907251068 10 9 
1491907251084 12 11 
1491907251106 10 9 
1491907251127 10 9 
1491907251148 10 11 
1491907251164 10 11 
1491907251186 10 10 
1491907251207 9 9 
1491907251223 7 9 
1491907251246 9 8 
1491907251267 9 9 
ROTATE: 1.57080
1491907251288 1 -1 
1491907251304 -3 -1 
1491907251326 1 0 
1491907251347 0 0 
1491907251363 0 0 
1491907251386 0 0 
1491907251407 3 -1 
1491907251428 2 -3 
1491907251444 0 -6 
1491907251466 1 -4 
1491907251487 4 -3 
1491907251508 6 -4 
1491907251524 7 -6 
1491907251546 9 -8 
1491907251567 11 -10 
1491907251588 12 -11 
1491907251604 13 -14 
1491907251626 14 -13 
1491907251647 13 -15 
1491907251663 14 -15 
1491907251686 16 -17 
1491907251707 18 -18 
1491907251728 18 -18 
1491907251744 18 -19 
1491907251766 18 -20 
1491907251787 19 -18 
1491907251803 20 -17 
1491907251826 17 -18 
1491907251847 17 -20 
1491907251868 18 -19 
1491907251884 18 -20 
1491907251906 19 -16 
1491907251927 19 -16 
1491907251948 18 -19 
1491907251964 16 -19 
1491907251986 18 -19 
1491907252007 19 -20 
1491907252028 20 -17 
1491907252044 19 -18 
1491907252067 18 -20 
1491907252087 17 -19 
1491907252103 18 -20 
1491907252126 19 -19 
1491907252147 21 -17 
1491907252168 20 -18 
1491907252184 20 -20 
1491907252206 21 -19 
1491907252227 20 -21 
1491907252243 20 -20 
1491907252266 21 -18 
1491907252287 21 -19 
1491907252308 20 -20 
1491907252324 14 -21 
1491907252346 16 -19 
1491907252367 20 -16 
1491907252388 20 -18 
1491907252404 18 -18 
1491907252427 17 -19 
1491907252448 19 -23 
1491907252464 20 -20 
1491907252487 22 -17 
1491907252508 20 -19 
1491907252524 18 -19 
1491907252546 16 -20 
1491907252567 18 -20 
1491907252588 21 -18 
1491907252604 21 -18 
1491907252626 19 -20 
1491907252647 18 -19 
1491907252663 18 -22 
1491907252686 19 -21 
1491907252707 21 -18 
1491907252712 21 -18 
1491907252744 19 -19 
1491907252766 17 -21 
1491907252787 18 -18 
1491907252808 20 -18 
1491907252824 21 -20 
1491907252846 20 -19 
1491907252867 18 -20 
1491907252888 19 -21 
1491907252904 20 -19 
1491907252927 20 -18 
1491907252948 20 -19 
1491907252964 19 -19 
1491907252986 18 -21 
1491907253007 19 -19 
1491907253028 21 -20 
1491907253044 21 -19 
1491907253066 19 -19 
1491907253087 18 -20 
1491907253103 17 -19 
1491907253126 18 -18 
1491907253147 18 -16 
1491907253168 18 -16 
1491907253184 17 -17 
1491907253206 15 -16 
1491907253227 15 -17 
1491907253248 15 -15 
1491907253286 30 -27 
1491907253307 14 -14 
1491907253328 13 -14 
1491907253344 12 -13 
1491907253367 14 -13 
1491907253388 13 -12 
1491907253404 13 -12 
1491907253427 12 -11 
1491907253448 10 -10 
1491907253468 10 -12 
1491907253506 21 -20 
1491907253527 10 -10 
1491907253543 11 -10 
1491907253566 11 -11 
1491907253587 10 -9 
1491907253608 10 -10 
1491907253624 8 -9 
1491907253646 8 -8 
1491907253667 6 -7 
1491907253688 7 -6 
1491907253704 7 -7 
1491907253726 8 -6 
1491907253747 7 -8 
1491907253768 8 -8 
1491907253784 9 -7 
1491907253807 9 -8 
1491907253828 8 -7 
1491907253844 9 -8 
1491907253867 6 -8 
1491907253888 7 -8 
1491907253904 5 -5 
1491907253926 6 -6 
1491907253947 6 -6 
1491907253963 6 -6 
1491907253986 6 -5 
1491907254007 8 -6 
1491907254023 8 -7 
1491907254046 8 -7 
1491907254067 7 -8 
1491907254088 8 -7 
1491907254104 9 -7 
1491907254126 8 -8 
1491907254147 8 -7 
1491907254168 7 -7 
1491907254173 7 -8 
1491907254205 6 -8 
1491907254227 5 -5 
1491907254248 6 -7 
1491907254264 6 -7 
1491907254287 7 -5 
1491907254308 6 -5 
1491907254329 9 -7 
1491907254345 8 -7 
1491907254367 8 -7 
1491907254403 16 -14 
1491907254426 10 -9 
1491907254447 7 -7 
1491907254468 7 -8 
1491907254484 7 -8 
1491907254506 6 -8 
1491907254527 6 -7 
1491907254548 5 -6 
1491907254564 8 -7 
1491907254586 7 -5 
1491907254628 15 -12 
1491907254644 8 -7 
1491907254667 9 -8 
1491907254688 8 -7 
1491907254704 8 -8 
1491907254727 9 -8 
1491907254748 8 -7 
1491907254769 7 -8 
STOP
1491907254785 7 -8 
1491907254807 5 -6 
STRAIGHT: 3.00000
1491907254828 -3 3 
1491907254844 0 1 
1491907254866 0 0 
1491907254887 0 0 
1491907254908 0 0 
1491907254924 0 0 
1491907254946 1 2 
1491907254967 3 3 
1491907254988 1 1 
1491907255004 4 3 
1491907255026 4 4 
1491907255047 6 7 
1491907255068 7 7 
1491907255084 8 9 
1491907255107 9 9 
1491907255128 12 11 
1491907255144 13 13 
1491907255167 14 14 
1491907255188 13 15 
1491907255193 15 15 
1491907255225 15 15 
1491907255247 16 16 
1491907255268 18 18 
1491907255283 20 19 
1491907255307 20 20 
1491907255327 19 20 
1491907255348 23 24 
1491907255364 24 23 
1491907255387 27 26 
1491907255408 26 26 
1491907255424 26 27 
1491907255446 25 25 
1491907255467 30 29 
1491907255488 30 32 
1491907255504 33 33 
1491907255527 31 30 
1491907255548 32 32 
1491907255564 34 34 
1491907255587 36 35 
1491907255608 37 38 
1491907255629 38 38 
1491907255645 39 39 
1491907255667 38 39 
1491907255688 43 41 
1491907255704 42 41 
1491907255727 42 44 
1491907255748 44 44 
1491907255768 45 46 
1491907255784 46 46 
1491907255807 48 48 
1491907255827 47 46 
1491907255848 46 46 
1491907255864 47 47 
1491907255886 47 47 
1491907255907 49 49 
1491907255928 48 48 
1491907255944 47 47 
1491907255967 45 45 
1491907255988 46 47 
1491907256004 47 47 
1491907256027 48 48 
1491907256048 47 47 
1491907256069 47 46 
1491907256085 47 47 
1491907256107 48 47 
1491907256128 47 48 
1491907256144 47 48 
1491907256167 47 48 
1491907256187 47 47 
1491907256208 49 47 
1491907256224 47 47 
1491907256247 47 48 
1491907256268 46 48 
1491907256284 47 46 
1491907256306 49 48 
1491907256327 48 48 
1491907256348 50 50 
1491907256364 48 47 
1491907256387 46 47 
1491907256408 47 48 
1491907256424 48 47 
1491907256447 48 47 
1491907256468 47 46 
1491907256489 49 49 
1491907256505 47 49 
1491907256527 49 48 
1491907256548 49 48 
1491907256564 47 47 
1491907256587 48 49 
1491907256608 48 47 
1491907256623 49 48 
1491907256646 48 50 
1491907256667 49 49 
1491907256688 48 47 
1491907256704 48 48 
1491907256726 48 48 
1491907256747 48 49 
1491907256768 48 48 
1491907256789 49 49 
1491907256805 49 48 
1491907256827 48 49 
1491907256848 49 49 
1491907256864 48 48 
1491907256887 49 49 
1491907256908 48 48 
1491907256929 49 48 
1491907256945 48 48 
1491907256967 50 50 
1491907256988 51 50 
1491907257004 48 49 
1491907257027 47 49 
1491907257048 47 46 
1491907257069 50 49 
1491907257085 49 50 
1491907257108 50 50 
1491907257128 49 49 
1491907257144 49 47 
1491907257166 49 49 
1491907257187 49 50 
1491907257208 50 50 
1491907257224 49 49 
1491907257247 50 49 
1491907257284 97 99 
1491907257307 49 48 
1491907257328 50 48 
1491907257344 48 50 
1491907257367 49 50 
1491907257388 50 50 
1491907257393 51 48 
1491907257425 51 50 
1491907257447 48 49 
1491907257468 49 49 
1491907257473 50 48 
1491907257505 51 50 
1491907257528 49 49 
1491907257549 49 48 
1491907257564 48 48 
1491907257586 50 50 
1491907257607 48 50 
1491907257628 49 49 
1491907257634 50 51 
1491907257665 50 48 
1491907257687 49 50 
1491907257708 49 50 
1491907257724 51 48 
1491907257747 51 51 
1491907257768 49 50 
1491907257789 48 50 
1491907257805 49 49 
1491907257827 50 50 
1491907257848 52 50 
1491907257864 49 51 
1491907257887 49 50 
1491907257908 50 50 
1491907257924 50 49 
1491907257947 50 52 
1491907257968 51 49 
1491907257989 50 51 
1491907258005 49 49 
1491907258026 50 51 
1491907258047 50 49 
1491907258068 51 51 
1491907258089 49 50 
1491907258105 51 50 
1491907258127 49 52 
1491907258148 51 49 
1491907258164 51 50 
1491907258187 50 50 
1491907258208 51 50 
1491907258229 50 50 
1491907258245 50 52 
1491907258267 50 51 
1491907258288 51 49 
1491907258327 102 101 
1491907258348 51 52 
1491907258369 50 51 
1491907258385 50 50 
1491907258408 50 49 
1491907258429 51 51 
1491907258445 52 50 
1491907258467 50 51 
1491907258487 49 51 
1491907258508 50 50 
1491907258514 52 50 
1491907258545 51 51 
1491907258567 51 51 
1491907258588 50 51 
1491907258604 51 51 
1491907258627 51 51 
1491907258648 51 50 
1491907258669 52 52 
1491907258685 51 50 
1491907258707 50 52 
1491907258728 50 51 
1491907258744 51 50 
1491907258767 51 50 
1491907258788 52 52 
1491907258809 51 53 
1491907258847 101 102 
1491907258868 51 51 
1491907258873 51 51 
1491907258905 51 51 
1491907258927 51 51 
1491907258948 52 52 
1491907258968 51 52 
1491907258984 51 51 
1491907259007 52 51 
1491907259028 52 52 
1491907259044 52 52 
1491907259067 52 52 
1491907259088 50 51 
1491907259109 51 52 
1491907259125 52 52 
1491907259147 51 52 
1491907259168 52 51 
1491907259184 51 51 
1491907259207 52 51 
1491907259228 52 52 
1491907259249 53 53 
1491907259265 53 52 
1491907259287 51 51 
1491907259308 51 51 
1491907259313 52 52 
1491907259345 54 53 
1491907259367 54 53 
1491907259388 51 52 
1491907259409 51 50 
1491907259425 51 51 
1491907259447 53 52 
1491907259484 103 105 
1491907259507 51 51 
1491907259528 52 51 
1491907259544 52 52 
1491907259567 52 52 
1491907259588 53 52 
1491907259604 51 52 
1491907259627 53 51 
1491907259648 51 52 
1491907259669 52 53 
1491907259685 53 53 
1491907259707 52 52 
1491907259728 52 52 
1491907259744 51 51 
1491907259767 53 52 
1491907259788 53 53 
1491907259809 54 53 
1491907259825 53 54 
1491907259848 51 52 
1491907259869 49 50 
1491907259885 50 51 
1491907259907 54 53 
1491907259928 53 54 
1491907259967 105 104 
1491907259988 52 50 
1491907260004 52 53 
1491907260027 55 55 
1491907260048 53 54 
1491907260064 52 53 
1491907260087 51 50 
1491907260108 52 53 
1491907260124 54 53 
1491907260147 54 55 
1491907260168 53 53 
1491907260184 51 50 
1491907260207 52 51 
1491907260228 52 53 
1491907260249 54 55 
1491907260265 53 53 
1491907260288 53 52 
1491907260309 52 51 
1491907260325 53 51 
1491907260347 54 54 
1491907260368 54 54 
1491907260388 50 52 
1491907260409 51 50 
1491907260425 52 52 
1491907260448 55 53 
1491907260468 53 54 
1491907260484 51 52 
1491907260507 52 50 
1491907260528 51 52 
1491907260549 53 53 
1491907260565 54 54 
1491907260608 106 106 
1491907260624 52 50 
1491907260647 52 53 
1491907260668 53 53 
1491907260689 55 54 
1491907260705 52 54 
1491907260728 52 51 
1491907260749 53 52 
1491907260765 53 52 
1491907260787 53 55 
1491907260808 53 54 
1491907260829 53 52 
1491907260844 52 52 
1491907260867 52 53 
1491907260888 53 54 
1491907260904 52 52 
1491907260927 53 53 
1491907260948 53 52 
1491907260964 53 52 
1491907260987 53 54 
1491907261008 55 55 
1491907261024 54 54 
1491907261047 53 52 
1491907261068 52 53 
1491907261084 52 52 
1491907261107 53 54 
1491907261128 54 54 
1491907261149 52 53 
1491907261165 54 53 
1491907261187 52 53 
1491907261208 53 52 
1491907261229 53 54 
1491907261245 54 55 
1491907261268 53 54 
1491907261289 53 53 
1491907261305 54 53 
1491907261328 54 54 
1491907261349 52 54 
1491907261365 54 52 
1491907261387 52 53 
1491907261408 55 55 
1491907261424 54 55 
1491907261447 54 54 
1491907261468 55 53 
1491907261484 54 54 
1491907261507 53 53 
1491907261528 52 53 
1491907261549 54 54 
1491907261565 55 53 
1491907261587 54 53 
1491907261608 53 54 
1491907261613 52 53 
1491907261645 54 53 
1491907261667 54 54 
1491907261688 55 54 
1491907261709 55 55 
1491907261725 54 53 
1491907261748 53 54 
1491907261769 54 54 
1491907261785 53 53 
1491907261808 56 52 
1491907261828 55 52 
1491907261849 52 55 
1491907261865 50 53 
1491907261887 52 52 
1491907261908 54 53 
1491907261924 56 53 
1491907261947 56 55 
1491907261968 54 54 
1491907261989 54 53 
1491907262005 53 53 
1491907262027 54 54 
1491907262048 55 56 
1491907262053 53 54 
1491907262085 54 52 
1491907262107 53 53 
1491907262128 56 53 
1491907262149 55 54 
1491907262165 54 55 
1491907262188 52 54 
1491907262209 53 54 
1491907262225 53 53 
1491907262248 55 54 
1491907262268 54 54 
1491907262290 55 55 
1491907262305 53 54 
1491907262327 55 53 
1491907262348 55 54 
1491907262364 54 54 
1491907262387 54 54 
1491907262408 53 56 
1491907262429 54 53 
1491907262445 55 53 
1491907262467 53 53 
1491907262488 54 53 
1491907262493 52 54 
1491907262525 56 54 
1491907262547 55 56 
1491907262568 55 54 
1491907262589 54 54 
1491907262605 54 54 
1491907262628 52 54 
1491907262649 55 54 
1491907262665 54 54 
1491907262688 55 54 
1491907262709 54 54 
1491907262725 53 54 
1491907262747 54 55 
1491907262768 56 55 
1491907262784 53 55 
1491907262808 55 54 
1491907262828 54 54 
1491907262844 54 54 
1491907262867 55 55 
1491907262888 55 53 
1491907262894 54 55 
1491907262925 54 55 
1491907262947 54 54 
1491907262968 54 54 
1491907262973 54 54 
1491907263005 56 55 
1491907263027 54 56 
1491907263048 55 54 
1491907263069 54 54 
1491907263085 55 53 
1491907263107 54 54 
1491907263128 55 55 
1491907263149 54 57 
1491907263165 55 55 
1491907263188 54 54 
1491907263208 55 55 
1491907263225 55 54 
1491907263247 54 55 
1491907263268 54 53 
1491907263289 55 55 
1491907263305 54 54 
1491907263327 56 54 
1491907263348 54 55 
1491907263364 54 55 
1491907263387 55 53 
1491907263408 55 55 
1491907263424 54 55 
1491907263447 55 56 
1491907263468 55 55 
1491907263489 56 54 
1491907263505 53 53 
1491907263528 54 56 
1491907263549 55 54 
1491907263565 54 55 
1491907263588 55 55 
1491907263609 56 54 
1491907263624 55 55 
1491907263647 55 56 
1491907263668 53 54 
1491907263684 55 55 
1491907263707 56 54 
1491907263728 54 55 
1491907263744 54 55 
1491907263767 53 54 
1491907263788 56 56 
1491907263804 56 55 
1491907263827 57 56 
1491907263848 55 55 
1491907263869 54 55 
1491907263885 54 54 
1491907263907 55 54 
1491907263928 56 56 
1491907263949 54 55 
1491907263965 54 55 
1491907263987 56 54 
1491907264029 112 110 
1491907264045 55 55 
1491907264068 55 55 
1491907264089 55 56 
1491907264105 55 56 
1491907264127 54 55 
1491907264148 56 55 
1491907264169 55 57 
1491907264185 55 55 
1491907264207 55 54 
1491907264228 55 54 
1491907264244 55 55 
1491907264267 56 55 
1491907264288 55 56 
1491907264309 56 57 
1491907264325 54 54 
1491907264348 56 55 
1491907264369 55 54 
1491907264385 55 55 
1491907264407 55 56 
1491907264428 56 55 
1491907264449 54 55 
1491907264465 55 56 
1491907264488 56 56 
1491907264509 56 57 
1491907264525 55 54 
1491907264547 55 55 
1491907264568 55 54 
1491907264589 57 55 
1491907264605 56 54 
1491907264627 54 54 
1491907264648 56 56 
1491907264664 57 57 
1491907264687 57 59 
1491907264708 56 56 
1491907264724 54 55 
1491907264747 54 53 
1491907264768 56 56 
1491907264789 56 57 
1491907264805 56 57 
1491907264827 54 54 
1491907264848 53 54 
1491907264869 55 55 
1491907264874 57 57 
1491907264906 57 57 
1491907264928 57 56 
1491907264965 109 107 
1491907264988 56 55 
1491907265008 55 57 
1491907265029 56 57 
1491907265045 55 55 
1491907265067 55 56 
1491907265088 58 56 
1491907265104 57 57 
1491907265127 56 56 
1491907265148 53 53 
1491907265169 53 53 
1491907265185 56 55 
1491907265207 57 59 
1491907265228 56 57 
1491907265249 54 54 
1491907265265 55 54 
1491907265287 54 55 
1491907265308 57 56 
1491907265329 58 57 
1491907265345 57 56 
1491907265368 55 54 
1491907265389 52 55 
1491907265405 56 57 
1491907265428 56 56 
1491907265449 56 57 
1491907265470 57 55 
1491907265485 55 54 
1491907265507 55 57 
1491907265528 56 56 
1491907265544 55 56 
1491907265567 57 55 
1491907265588 54 56 
1491907265609 55 56 
1491907265625 56 56 
1491907265647 57 56 
1491907265668 56 55 
1491907265689 55 54 
1491907265705 55 56 
1491907265727 56 57 
1491907265748 58 58 
1491907265769 57 55 
1491907265785 55 55 
1491907265808 55 56 
1491907265829 54 56 
1491907265845 58 55 
1491907265868 56 56 
1491907265889 56 55 
1491907265909 55 56 
1491907265925 55 56 
1491907265947 56 57 
1491907265968 56 56 
1491907265984 57 55 
1491907266007 56 55 
1491907266028 55 56 
1491907266049 57 57 
1491907266065 56 56 
1491907266087 56 56 
1491907266108 56 56 
1491907266129 55 55 
1491907266145 56 56 
1491907266167 56 56 
1491907266188 57 55 
1491907266209 56 56 
1491907266225 55 55 
1491907266248 55 56 
1491907266269 56 56 
1491907266285 56 55 
1491907266308 56 57 
1491907266329 56 57 
1491907266345 57 57 
1491907266367 56 57 
1491907266388 56 56 
1491907266404 56 55 
1491907266427 56 56 
1491907266448 56 56 
1491907266469 55 56 
1491907266485 56 54 
1491907266507 56 56 
1491907266528 56 56 
1491907266549 55 55 
1491907266565 56 56 
1491907266587 55 56 
1491907266608 57 56 
1491907266629 56 57 
1491907266645 57 56 
1491907266668 56 56 
1491907266689 57 55 
1491907266705 54 57 
1491907266728 56 56 
1491907266749 55 58 
1491907266770 57 56 
1491907266786 57 57 
1491907266807 57 56 
1491907266829 56 55 
1491907266845 55 56 
1491907266867 57 57 
1491907266888 57 56 
1491907266909 56 57 
1491907266925 56 56 
1491907266947 56 56 
1491907266968 56 56 
1491907266984 56 54 
1491907267007 57 56 
1491907267049 114 115 
1491907267088 109 111 
1491907267109 57 56 
1491907267125 57 58 
1491907267148 56 55 
1491907267169 55 56 
1491907267185 58 56 
1491907267208 57 58 
1491907267229 56 57 
1491907267245 57 57 
1491907267268 56 57 
1491907267289 55 55 
1491907267304 58 55 
1491907267327 57 57 
1491907267348 57 59 
1491907267369 55 57 
1491907267385 56 55 
1491907267407 56 56 
1491907267428 55 56 
1491907267434 55 55 
1491907267465 54 53 
1491907267488 54 53 
1491907267509 51 52 
1491907267525 50 51 
1491907267548 49 51 
1491907267569 51 48 
1491907267585 51 49 
1491907267608 49 48 
1491907267629 47 50 
1491907267645 43 45 
1491907267668 45 44 
1491907267689 46 45 
1491907267705 48 47 
1491907267728 48 46 
1491907267748 45 45 
1491907267764 44 43 
1491907267787 42 42 
1491907267808 42 43 
1491907267829 42 42 
1491907267845 42 43 
1491907267867 41 41 
1491907267888 37 39 
1491907267909 38 38 
1491907267925 40 39 
1491907267948 39 39 
1491907267969 38 38 
1491907267985 36 38 
1491907268007 36 35 
1491907268028 37 35 
1491907268049 36 36 
1491907268054 36 37 
1491907268086 35 33 
1491907268108 33 32 
1491907268129 32 32 
1491907268145 33 35 
1491907268168 32 34 
1491907268189 34 31 
1491907268209 32 31 
1491907268225 30 30 
1491907268247 30 31 
1491907268268 31 31 
1491907268285 30 30 
1491907268307 29 30 
1491907268328 30 29 
1491907268334 27 29 
1491907268365 28 27 
1491907268387 29 28 
1491907268408 28 28 
1491907268429 25 26 
1491907268445 25 25 
1491907268468 28 26 
1491907268489 26 28 
1491907268526 51 49 
1491907268548 26 26 
1491907268569 25 26 
1491907268585 23 24 
1491907268608 25 24 
1491907268629 25 23 
1491907268650 23 24 
1491907268665 21 23 
1491907268687 21 21 
1491907268708 24 23 
1491907268724 23 21 
1491907268747 21 23 
1491907268768 19 19 
1491907268789 21 20 
1491907268805 21 21 
1491907268828 22 22 
1491907268849 21 21 
1491907268865 19 19 
1491907268887 17 18 
1491907268908 19 18 
1491907268929 21 20 
1491907268945 19 20 
1491907268968 16 18 
1491907268989 17 16 
1491907269005 17 16 
1491907269028 19 19 
1491907269049 19 18 
1491907269065 18 16 
1491907269088 15 17 
1491907269109 15 17 
1491907269124 16 16 
1491907269147 17 16 
1491907269168 18 16 
1491907269184 15 15 
1491907269207 14 16 
1491907269228 13 15 
1491907269249 15 15 
1491907269265 16 16 
1491907269287 15 14 
1491907269308 15 13 
1491907269329 13 13 
1491907269345 14 15 
1491907269368 14 14 
1491907269389 14 13 
1491907269405 12 13 
1491907269428 12 11 
1491907269449 12 11 
1491907269465 13 13 
1491907269488 13 13 
1491907269509 12 13 
1491907269525 11 12 
1491907269548 12 12 
1491907269569 12 12 
1491907269584 12 12 
1491907269607 12 12 
1491907269628 12 10 
1491907269644 10 9 
1491907269667 11 11 
1491907269688 10 11 
1491907269709 10 11 
1491907269725 10 12 
1491907269748 11 10 
1491907269771 10 10 
1491907269790 11 10 
1491907269805 10 10 
1491907269828 11 9 
1491907269849 10 9 
1491907269865 9 9 
1491907269888 9 10 
1491907269909 10 11 
1491907269925 10 12 
1491907269948 11 11 
1491907269969 11 10 
1491907269985 9 10 
1491907270008 10 10 
1491907270029 11 8 
1491907270044 10 9 
1491907270067 9 9 
1491907270088 9 10 
1491907270109 9 10 
1491907270125 8 10 
1491907270147 10 11 
1491907270168 11 11 
1491907270174 8 10 
1491907270205 9 8 
ROTATE: 1.57080
1491907270227 2 2 
1491907270269 -3 -4 
1491907270285 0 0 
1491907270308 0 0 
1491907270329 -1 0 
1491907270345 0 -2 
1491907270368 0 -3 
1491907270389 1 -4 
1491907270405 0 -4 
1491907270428 5 -5 
1491907270449 6 -2 
1491907270487 14 -11 
1491907270508 10 -11 
1491907270529 10 -10 
1491907270545 11 -12 
1491907270567 12 -13 
1491907270588 13 -14 
1491907270594 15 -17 
1491907270625 16 -17 
1491907270647 20 -18 
1491907270668 18 -17 
1491907270689 18 -16 
1491907270705 18 -19 
1491907270728 18 -19 
1491907270749 17 -18 
1491907270765 21 -18 
1491907270788 21 -17 
1491907270809 18 -17 
1491907270830 17 -19 
1491907270846 15 -18 
1491907270868 17 -18 
1491907270889 21 -16 
1491907270905 20 -17 
1491907270928 18 -18 
1491907270949 17 -20 
1491907270969 16 -19 
1491907270985 18 -18 
1491907271007 22 -18 
1491907271028 21 -18 
1491907271044 19 -18 
1491907271067 16 -19 
1491907271088 16 -18 
1491907271109 20 -17 
1491907271125 21 -16 
1491907271148 20 -18 
1491907271169 18 -20 
1491907271185 17 -21 
1491907271208 19 -19 
1491907271229 22 -18 
1491907271250 22 -17 
1491907271266 20 -19 
1491907271288 16 -20 
1491907271309 15 -20 
1491907271325 18 -18 
1491907271348 21 -17 
1491907271369 22 -16 
1491907271384 20 -19 
1491907271407 17 -21 
1491907271428 16 -19 
1491907271449 20 -19 
1491907271465 21 -17 
1491907271487 22 -17 
1491907271508 18 -20 
1491907271529 17 -21 
1491907271545 17 -20 
1491907271568 20 -19 
1491907271589 23 -16 
1491907271605 21 -18 
1491907271628 18 -21 
1491907271649 17 -21 
1491907271665 18 -20 
1491907271688 21 -17 
1491907271709 24 -16 
1491907271725 20 -20 
1491907271748 17 -21 
1491907271769 16 -19 
1491907271785 20 -20 
1491907271807 22 -18 
1491907271829 21 -17 
1491907271849 19 -20 
1491907271865 18 -22 
1491907271887 17 -20 
1491907271908 22 -18 
1491907271914 23 -17 
1491907271945 20 -19 
1491907271968 19 -21 
1491907271989 17 -21 
1491907272005 19 -20 
1491907272028 22 -17 
1491907272049 21 -17 
1491907272065 19 -19 
1491907272088 15 -20 
1491907272109 15 -18 
1491907272130 20 -17 
1491907272146 20 -15 
1491907272168 17 -14 
1491907272189 14 -16 
1491907272205 13 -17 
1491907272228 13 -13 
1491907272249 15 -12 
1491907272269 17 -15 
1491907272285 15 -12 
1491907272307 12 -13 
1491907272328 12 -13 
1491907272349 13 -12 
1491907272365 12 -10 
1491907272387 12 -10 
1491907272408 12 -12 
1491907272429 11 -11 
1491907272445 10 -12 
1491907272468 11 -10 
1491907272489 11 -10 
1491907272505 10 -8 
1491907272528 8 -7 
1491907272549 9 -9 
1491907272565 8 -9 
1491907272588 9 -7 
1491907272609 9 -9 
1491907272625 9 -9 
1491907272648 7 -9 
1491907272669 8 -9 
1491907272685 8 -8 
1491907272707 9 -6 
1491907272729 8 -6 
1491907272749 8 -6 
1491907272765 7 -7 
1491907272787 8 -6 
1491907272808 8 -7 
1491907272829 7 -7 
1491907272835 7 -7 
1491907272866 5 -5 
1491907272888 7 -7 
1491907272909 6 -6 
1491907272925 7 -6 
1491907272948 7 -7 
1491907272969 8 -8 
1491907272990 9 -8 
1491907273006 8 -8 
1491907273028 8 -7 
1491907273049 9 -7 
1491907273065 8 -7 
1491907273088 6 -5 
1491907273109 7 -7 
1491907273130 8 -6 
1491907273145 6 -7 
1491907273167 6 -6 
1491907273188 7 -7 
1491907273194 7 -7 
1491907273225 6 -7 
1491907273247 7 -5 
1491907273268 8 -8 
1491907273289 9 -8 
1491907273328 16 -14 
1491907273349 8 -7 
1491907273365 8 -6 
1491907273388 7 -6 
1491907273409 7 -6 
1491907273430 8 -6 
1491907273446 6 -7 
1491907273468 7 -7 
1491907273489 7 -5 
1491907273505 8 -7 
1491907273528 7 -8 
1491907273549 7 -7 
1491907273570 8 -6 
1491907273586 9 -8 
1491907273607 9 -9 
1491907273628 8 -7 
1491907273634 9 -7 
1491907273665 8 -8 
1491907273687 7 -7 
1491907273708 6 -5 
1491907273729 6 -7 
STOP
1491907273745 6 -6 
1491907273768 3 -4 
1491907273789 -2 4 
