1491907753655 0 0 
1491907753671 0 0 
1491907753694 0 0 
1491907753715 0 0 
1491907753721 0 0 
1491907753752 0 0 
1491907753774 0 0 
1491907753795 0 0 
1491907753811 0 0 
1491907753834 0 0 
1491907753855 0 0 
1491907753876 0 0 
1491907753892 0 0 
1491907753914 0 0 
1491907753935 0 0 
1491907753956 0 0 
1491907753972 0 0 
1491907753995 0 0 
1491907754016 0 0 
1491907754032 0 0 
1491907754054 0 0 
1491907754075 0 0 
1491907754091 0 0 
1491907754114 0 0 
1491907754135 0 0 
1491907754151 0 0 
1491907754174 0 0 
1491907754195 0 0 
1491907754211 0 0 
1491907754234 0 0 
1491907754255 0 0 
1491907754276 0 0 
1491907754292 0 0 
1491907754314 0 0 
1491907754335 0 0 
1491907754351 0 0 
1491907754374 0 0 
1491907754395 0 0 
1491907754416 0 0 
1491907754421 0 0 
1491907754453 0 0 
1491907754475 0 0 
1491907754496 0 0 
1491907754512 0 0 
1491907754535 0 0 
1491907754556 0 0 
1491907754576 0 0 
1491907754592 0 0 
STRAIGHT: 3.00000
1491907754614 0 0 
1491907754635 0 0 
1491907754651 0 0 
1491907754674 0 0 
1491907754695 0 0 
1491907754716 0 0 
1491907754732 0 0 
1491907754754 0 0 
1491907754775 0 0 
1491907754780 2 2 
1491907754812 8 7 
1491907754834 5 6 
1491907754855 5 4 
1491907754876 5 6 
1491907754892 7 6 
1491907754915 8 8 
1491907754936 10 11 
1491907754952 10 11 
1491907754975 12 14 
1491907754995 13 14 
1491907755012 13 14 
1491907755034 16 15 
1491907755055 18 17 
1491907755071 19 19 
1491907755094 19 19 
1491907755115 20 21 
1491907755131 20 20 
1491907755154 23 23 
1491907755175 22 22 
1491907755196 25 25 
1491907755212 24 26 
1491907755234 27 27 
1491907755255 26 26 
1491907755276 29 28 
1491907755292 28 31 
1491907755315 31 31 
1491907755336 33 29 
1491907755352 33 34 
1491907755375 31 36 
1491907755396 35 33 
1491907755412 37 34 
1491907755435 36 38 
1491907755456 38 40 
1491907755471 39 37 
1491907755494 41 41 
1491907755515 41 42 
1491907755531 41 44 
1491907755554 42 43 
1491907755575 47 44 
1491907755581 44 45 
1491907755612 48 49 
1491907755634 45 46 
1491907755655 47 47 
1491907755660 47 47 
1491907755692 47 48 
1491907755714 47 47 
1491907755735 47 46 
1491907755756 48 47 
1491907755772 47 48 
1491907755794 46 48 
1491907755815 44 46 
1491907755836 46 43 
1491907755852 48 47 
1491907755875 47 49 
1491907755896 48 48 
1491907755911 48 48 
1491907755934 49 47 
1491907755955 48 48 
1491907755971 48 48 
1491907755994 46 47 
1491907756015 46 48 
1491907756036 47 48 
1491907756052 46 48 
1491907756074 47 45 
1491907756095 47 46 
1491907756101 49 47 
1491907756132 48 48 
1491907756155 49 51 
1491907756176 48 47 
1491907756192 46 45 
1491907756215 46 45 
1491907756236 45 47 
1491907756252 48 48 
1491907756275 48 47 
1491907756296 49 49 
1491907756317 48 49 
1491907756333 48 48 
1491907756355 49 48 
1491907756376 49 48 
1491907756392 49 49 
1491907756415 49 49 
1491907756435 49 49 
1491907756456 49 48 
1491907756472 48 49 
1491907756494 46 48 
1491907756515 49 49 
1491907756531 47 47 
1491907756554 49 48 
1491907756575 48 48 
1491907756596 48 49 
1491907756612 50 49 
1491907756634 47 48 
1491907756655 49 48 
1491907756676 49 48 
1491907756692 49 49 
1491907756715 48 50 
1491907756736 49 50 
1491907756752 48 47 
1491907756775 47 48 
1491907756796 48 46 
1491907756812 50 50 
1491907756835 51 50 
1491907756856 50 51 
1491907756877 51 48 
1491907756893 49 49 
1491907756914 50 49 
1491907756935 49 50 
1491907756951 46 50 
1491907756974 48 48 
1491907756995 49 49 
1491907757011 51 48 
1491907757034 50 50 
1491907757055 49 50 
1491907757076 49 50 
1491907757092 49 48 
1491907757114 47 48 
1491907757135 49 49 
1491907757156 49 49 
1491907757161 51 50 
1491907757193 50 51 
1491907757215 48 49 
1491907757236 50 49 
1491907757252 49 48 
1491907757275 50 50 
1491907757296 49 50 
1491907757317 50 50 
1491907757333 49 50 
1491907757355 51 49 
1491907757376 49 49 
1491907757392 48 49 
1491907757414 51 51 
1491907757435 50 51 
1491907757456 51 50 
1491907757472 50 49 
1491907757494 50 49 
1491907757515 49 50 
1491907757521 50 50 
1491907757552 49 50 
1491907757574 51 50 
1491907757595 50 50 
1491907757616 51 49 
1491907757632 48 50 
1491907757655 50 49 
1491907757676 49 51 
1491907757692 50 49 
1491907757715 51 49 
1491907757736 50 50 
1491907757757 50 51 
1491907757773 50 50 
1491907757795 51 51 
1491907757816 50 50 
1491907757832 50 50 
1491907757854 51 50 
1491907757875 50 51 
1491907757896 52 51 
1491907757912 50 52 
1491907757934 50 50 
1491907757955 50 50 
1491907757961 50 49 
1491907757992 48 50 
1491907758014 48 49 
1491907758035 50 48 
1491907758056 51 51 
1491907758072 53 54 
1491907758095 55 52 
1491907758116 51 50 
1491907758132 49 48 
1491907758155 46 50 
1491907758176 48 47 
1491907758197 51 48 
1491907758213 51 51 
1491907758235 51 53 
1491907758256 51 52 
1491907758272 52 50 
1491907758295 52 49 
1491907758315 51 51 
1491907758336 51 53 
1491907758352 52 53 
1491907758374 51 51 
1491907758395 51 50 
1491907758401 50 50 
1491907758432 51 52 
1491907758454 50 52 
1491907758475 51 51 
1491907758496 51 50 
1491907758512 52 52 
1491907758535 50 50 
1491907758556 50 51 
1491907758572 51 51 
1491907758595 51 50 
1491907758616 52 52 
1491907758632 47 46 
1491907758655 44 45 
1491907758676 50 48 
1491907758692 52 53 
1491907758715 56 54 
1491907758736 54 52 
1491907758752 52 51 
1491907758775 52 54 
1491907758796 53 54 
1491907758801 53 53 
1491907758832 53 49 
1491907758854 52 51 
1491907758875 52 52 
1491907758881 53 53 
1491907758912 53 54 
1491907758935 52 50 
1491907758956 52 51 
1491907758972 53 52 
1491907758994 52 53 
1491907759015 51 52 
1491907759036 48 50 
1491907759073 101 98 
1491907759116 101 103 
1491907759132 51 51 
1491907759155 52 51 
1491907759176 52 51 
1491907759197 52 52 
1491907759213 52 53 
1491907759235 53 53 
1491907759256 53 52 
1491907759271 51 51 
1491907759295 53 52 
1491907759315 52 53 
1491907759336 52 53 
1491907759352 50 52 
1491907759374 52 52 
1491907759395 52 52 
1491907759416 50 51 
1491907759432 52 51 
1491907759454 53 53 
1491907759475 52 53 
1491907759496 52 52 
1491907759535 103 102 
1491907759556 52 51 
1491907759572 51 53 
1491907759595 53 53 
1491907759616 52 52 
1491907759637 54 52 
1491907759653 51 52 
1491907759675 51 53 
1491907759696 53 53 
1491907759712 53 52 
1491907759734 52 51 
1491907759755 52 53 
1491907759776 52 53 
1491907759792 52 52 
1491907759814 52 52 
1491907759835 52 51 
1491907759856 53 52 
1491907759872 52 52 
1491907759894 53 52 
1491907759915 53 54 
1491907759936 53 53 
1491907759952 52 52 
1491907759975 51 51 
1491907759996 50 51 
1491907760012 51 51 
1491907760035 52 52 
1491907760056 52 52 
1491907760077 54 52 
1491907760093 52 52 
1491907760115 52 52 
1491907760136 52 52 
1491907760152 51 52 
1491907760175 52 51 
1491907760195 53 53 
1491907760217 53 53 
1491907760232 51 53 
1491907760254 53 52 
1491907760275 52 52 
1491907760296 53 52 
1491907760312 52 53 
1491907760334 51 53 
1491907760355 53 52 
1491907760376 53 52 
1491907760392 52 53 
1491907760415 52 53 
1491907760436 52 51 
1491907760452 53 53 
1491907760475 53 53 
1491907760496 54 54 
1491907760512 54 54 
1491907760535 51 51 
1491907760556 51 50 
1491907760572 50 51 
1491907760595 52 51 
1491907760616 53 52 
1491907760632 52 53 
1491907760655 53 53 
1491907760676 52 54 
1491907760696 53 52 
1491907760712 53 52 
1491907760734 53 53 
1491907760755 53 55 
1491907760776 53 53 
1491907760792 54 53 
1491907760815 53 52 
1491907760836 52 52 
1491907760852 52 53 
1491907760875 52 52 
1491907760896 53 53 
1491907760912 52 52 
1491907760935 53 52 
1491907760956 53 53 
1491907760972 51 53 
1491907760995 53 53 
1491907761016 53 53 
1491907761032 54 53 
1491907761055 53 53 
1491907761076 54 54 
1491907761092 53 54 
1491907761115 54 53 
1491907761136 52 52 
1491907761152 52 51 
1491907761174 52 53 
1491907761195 53 54 
1491907761216 53 53 
1491907761232 54 54 
1491907761255 54 53 
1491907761276 53 52 
1491907761292 52 53 
1491907761315 52 54 
1491907761336 54 53 
1491907761352 53 52 
1491907761375 54 53 
1491907761396 53 54 
1491907761412 54 55 
1491907761435 54 53 
1491907761456 53 53 
1491907761472 53 53 
1491907761495 54 52 
1491907761516 54 54 
1491907761532 53 54 
1491907761555 53 54 
1491907761576 54 53 
1491907761592 54 51 
1491907761615 52 54 
1491907761635 53 54 
1491907761656 54 52 
1491907761672 53 52 
1491907761695 54 54 
1491907761716 56 56 
1491907761732 53 54 
1491907761754 52 52 
1491907761775 50 50 
1491907761796 53 51 
1491907761812 53 52 
1491907761835 54 54 
1491907761856 54 55 
1491907761872 55 55 
1491907761895 55 54 
1491907761916 55 54 
1491907761932 54 54 
1491907761955 54 55 
1491907761976 54 55 
1491907761992 56 54 
1491907762015 54 54 
1491907762036 53 52 
1491907762052 54 55 
1491907762075 54 54 
1491907762096 54 55 
1491907762117 53 53 
1491907762133 54 53 
1491907762154 55 54 
1491907762175 53 55 
1491907762196 54 53 
1491907762212 54 55 
1491907762235 52 52 
1491907762256 44 47 
1491907762272 52 50 
1491907762295 54 55 
1491907762316 59 57 
1491907762332 57 57 
1491907762355 55 54 
1491907762376 54 56 
1491907762392 57 57 
1491907762415 58 56 
1491907762436 56 54 
1491907762452 54 52 
1491907762475 54 55 
1491907762496 55 56 
1491907762512 56 56 
1491907762535 57 55 
1491907762556 56 54 
1491907762576 54 56 
1491907762592 55 56 
1491907762614 55 55 
1491907762635 54 52 
1491907762656 52 52 
1491907762672 52 54 
1491907762695 53 54 
1491907762716 54 54 
1491907762732 55 55 
1491907762755 55 54 
1491907762776 54 56 
1491907762792 55 56 
1491907762815 56 56 
1491907762836 55 54 
1491907762852 55 54 
1491907762875 55 55 
1491907762896 53 55 
1491907762912 54 53 
1491907762935 54 54 
1491907762956 55 55 
1491907762961 55 56 
1491907762993 56 54 
1491907763015 56 55 
1491907763035 53 55 
1491907763052 53 56 
1491907763074 54 53 
1491907763095 55 55 
1491907763116 56 56 
1491907763132 54 56 
1491907763155 56 54 
1491907763176 54 54 
1491907763192 55 54 
1491907763215 53 56 
1491907763236 54 55 
1491907763257 56 53 
1491907763273 55 55 
1491907763316 109 111 
1491907763332 55 55 
1491907763355 56 55 
1491907763376 54 54 
1491907763397 56 56 
1491907763413 53 55 
1491907763435 54 56 
1491907763456 56 54 
1491907763472 56 56 
1491907763495 56 55 
1491907763515 54 55 
1491907763536 54 53 
1491907763552 53 54 
1491907763574 54 53 
1491907763595 54 54 
1491907763616 54 54 
1491907763632 54 55 
1491907763654 54 55 
1491907763675 55 55 
1491907763696 56 55 
1491907763712 54 55 
1491907763735 56 56 
1491907763756 55 56 
1491907763772 55 54 
1491907763795 55 55 
1491907763816 55 54 
1491907763837 55 56 
1491907763853 53 54 
1491907763875 56 54 
1491907763896 55 55 
1491907763912 54 54 
1491907763935 55 55 
1491907763956 54 55 
1491907763977 55 55 
1491907763993 55 55 
1491907764015 56 56 
1491907764035 55 55 
1491907764051 54 54 
1491907764074 53 54 
1491907764095 55 55 
1491907764116 56 55 
1491907764132 54 54 
1491907764154 54 55 
1491907764175 55 55 
1491907764196 56 55 
1491907764212 55 55 
1491907764235 54 56 
1491907764256 56 56 
1491907764277 56 56 
1491907764293 55 55 
1491907764315 55 55 
1491907764336 55 55 
1491907764352 54 54 
1491907764375 55 55 
1491907764396 54 55 
1491907764417 56 56 
1491907764433 56 55 
1491907764455 54 55 
1491907764476 55 56 
1491907764492 55 55 
1491907764514 56 54 
1491907764535 55 56 
1491907764556 55 56 
1491907764572 55 55 
1491907764594 56 56 
1491907764615 54 53 
1491907764636 55 55 
1491907764652 55 56 
1491907764674 57 56 
1491907764695 56 56 
1491907764716 55 55 
1491907764732 55 55 
1491907764755 55 56 
1491907764776 54 55 
1491907764792 55 55 
1491907764815 57 54 
1491907764836 56 56 
1491907764857 56 57 
1491907764873 55 55 
1491907764895 56 55 
1491907764916 54 55 
1491907764932 55 54 
1491907764955 54 54 
1491907764976 56 57 
1491907764996 56 57 
1491907765013 56 56 
1491907765034 56 54 
1491907765055 56 56 
1491907765061 55 56 
1491907765092 55 57 
1491907765114 56 55 
1491907765135 57 55 
1491907765156 55 56 
1491907765172 55 56 
1491907765195 56 56 
1491907765216 55 55 
1491907765232 55 55 
1491907765255 56 56 
1491907765276 56 55 
1491907765292 57 56 
1491907765315 56 58 
1491907765336 55 55 
1491907765352 56 54 
1491907765375 55 54 
1491907765396 55 57 
1491907765412 55 57 
1491907765435 57 55 
1491907765455 56 55 
1491907765461 55 56 
1491907765492 55 56 
1491907765514 55 56 
1491907765535 57 55 
1491907765541 56 55 
1491907765572 56 57 
1491907765595 56 56 
1491907765616 55 56 
1491907765632 56 55 
1491907765654 54 54 
1491907765675 57 56 
1491907765696 55 56 
1491907765717 57 58 
1491907765733 57 57 
1491907765755 57 56 
1491907765776 55 55 
1491907765792 54 54 
1491907765815 56 55 
1491907765836 55 55 
1491907765857 55 55 
1491907765873 56 55 
1491907765895 56 56 
1491907765916 56 57 
1491907765932 55 55 
1491907765954 57 56 
1491907765975 57 56 
1491907765981 56 57 
1491907766012 56 57 
1491907766035 55 56 
1491907766056 56 56 
1491907766072 56 55 
1491907766094 55 55 
1491907766115 56 57 
1491907766136 56 56 
1491907766157 57 56 
1491907766173 57 56 
1491907766195 54 56 
1491907766216 57 55 
1491907766232 54 56 
1491907766255 57 56 
1491907766276 56 56 
1491907766297 57 56 
1491907766313 55 57 
1491907766335 56 56 
1491907766356 57 55 
1491907766372 55 56 
1491907766394 57 57 
1491907766415 56 56 
1491907766436 57 57 
1491907766452 56 57 
1491907766474 56 55 
1491907766495 55 54 
1491907766516 55 56 
1491907766532 56 56 
1491907766554 57 56 
1491907766575 56 55 
1491907766596 57 57 
1491907766612 55 57 
1491907766635 56 57 
1491907766656 56 55 
1491907766672 57 55 
1491907766695 56 57 
1491907766716 56 57 
1491907766737 57 57 
1491907766753 57 56 
1491907766775 56 55 
1491907766796 55 51 
1491907766812 57 50 
1491907766835 56 53 
1491907766855 57 59 
1491907766876 59 57 
1491907766892 58 58 
1491907766914 54 57 
1491907766935 52 56 
1491907766956 53 54 
1491907766972 55 51 
1491907766994 55 54 
1491907767015 56 55 
1491907767036 56 57 
1491907767052 58 57 
1491907767075 59 59 
1491907767096 57 57 
1491907767112 57 57 
1491907767135 57 58 
1491907767156 59 59 
1491907767172 56 58 
1491907767195 56 58 
1491907767216 56 56 
1491907767232 54 55 
1491907767255 55 56 
1491907767276 55 55 
1491907767292 55 53 
1491907767315 54 53 
1491907767336 52 52 
1491907767356 52 53 
1491907767372 52 52 
1491907767394 48 48 
1491907767415 45 44 
1491907767436 45 47 
1491907767452 49 50 
1491907767475 51 50 
1491907767496 50 49 
1491907767512 47 46 
1491907767535 46 48 
1491907767556 46 47 
1491907767572 46 46 
1491907767595 46 44 
1491907767616 45 42 
1491907767632 43 42 
1491907767655 41 42 
1491907767676 41 42 
1491907767692 41 41 
1491907767715 39 40 
1491907767736 38 38 
1491907767752 38 39 
1491907767775 37 37 
1491907767795 38 38 
1491907767801 37 37 
1491907767833 37 37 
1491907767854 37 36 
1491907767875 36 36 
1491907767896 35 36 
1491907767912 36 36 
1491907767935 35 35 
1491907767956 34 33 
1491907767972 33 34 
1491907767995 33 33 
1491907768016 32 33 
1491907768037 31 32 
1491907768053 32 31 
1491907768096 61 61 
1491907768112 30 30 
1491907768135 31 29 
1491907768156 28 31 
1491907768177 29 30 
1491907768193 30 28 
1491907768215 28 28 
1491907768236 27 28 
1491907768252 27 28 
1491907768275 28 27 
1491907768296 27 26 
1491907768316 27 27 
1491907768332 26 26 
1491907768354 26 26 
1491907768375 24 26 
1491907768381 24 25 
1491907768412 25 23 
1491907768434 25 23 
1491907768455 23 24 
1491907768476 22 25 
1491907768492 23 22 
1491907768515 23 22 
1491907768536 22 20 
1491907768552 22 22 
1491907768575 21 23 
1491907768596 22 23 
1491907768617 21 20 
1491907768633 21 19 
1491907768655 20 21 
1491907768676 20 21 
1491907768692 20 20 
1491907768715 20 19 
1491907768736 19 19 
1491907768757 19 19 
1491907768773 19 19 
1491907768794 17 18 
1491907768815 19 18 
1491907768831 17 18 
1491907768854 18 16 
1491907768875 18 17 
1491907768896 17 17 
1491907768912 15 18 
1491907768935 16 16 
1491907768956 16 16 
1491907768972 17 16 
1491907768995 17 15 
1491907769016 16 16 
1491907769032 15 15 
1491907769055 15 16 
1491907769076 15 17 
1491907769092 14 14 
1491907769115 15 13 
1491907769136 15 13 
1491907769152 14 14 
1491907769175 13 14 
1491907769196 14 14 
1491907769201 12 13 
1491907769233 13 14 
1491907769254 13 13 
1491907769275 14 11 
1491907769281 13 12 
1491907769312 13 13 
1491907769335 12 12 
1491907769356 11 11 
1491907769372 11 11 
1491907769395 12 14 
1491907769416 11 12 
1491907769432 12 11 
1491907769455 12 11 
1491907769476 12 10 
1491907769492 10 10 
1491907769515 10 10 
1491907769536 11 11 
1491907769552 10 11 
1491907769575 9 11 
1491907769596 10 11 
1491907769612 10 9 
1491907769635 10 9 
1491907769656 11 10 
1491907769672 10 9 
1491907769695 11 11 
1491907769715 10 9 
1491907769731 10 11 
1491907769754 9 9 
1491907769775 10 10 
1491907769796 10 10 
1491907769812 10 10 
1491907769835 10 10 
1491907769841 11 9 
1491907769872 10 9 
1491907769894 10 10 
1491907769936 22 20 
1491907769952 9 10 
1491907769975 9 10 
1491907769996 10 9 
1491907770012 10 10 
1491907770035 9 10 
ROTATE: 1.57080
1491907770056 4 3 
1491907770072 -2 -3 
1491907770095 1 0 
1491907770116 0 0 
1491907770132 0 0 
1491907770155 0 0 
1491907770176 3 0 
1491907770192 3 -1 
1491907770235 9 -4 
1491907770256 6 -4 
1491907770272 6 -5 
1491907770294 6 -6 
1491907770315 5 -7 
1491907770336 8 -9 
1491907770352 9 -9 
1491907770375 9 -11 
1491907770396 10 -12 
1491907770412 14 -13 
1491907770434 16 -15 
1491907770455 18 -14 
1491907770476 20 -17 
1491907770497 20 -17 
1491907770513 19 -18 
1491907770535 18 -20 
1491907770556 18 -20 
1491907770572 18 -20 
1491907770595 18 -16 
1491907770616 20 -15 
1491907770637 19 -18 
1491907770653 18 -19 
1491907770696 35 -39 
1491907770734 41 -32 
1491907770761 39 -36 
1491907770792 19 -20 
1491907770814 18 -20 
1491907770835 19 -18 
1491907770856 18 -17 
1491907770872 17 -19 
1491907770894 17 -18 
1491907770915 17 -19 
1491907770936 17 -17 
1491907770952 19 -16 
1491907770975 19 -18 
1491907770996 19 -18 
1491907771012 18 -19 
1491907771035 18 -19 
1491907771056 20 -19 
1491907771077 20 -18 
1491907771093 19 -18 
1491907771115 19 -18 
1491907771136 18 -20 
1491907771152 18 -19 
1491907771174 18 -18 
1491907771195 19 -18 
1491907771216 19 -18 
1491907771232 19 -19 
1491907771254 19 -20 
1491907771275 17 -19 
1491907771296 20 -18 
1491907771312 21 -18 
1491907771334 19 -18 
1491907771376 38 -40 
1491907771392 19 -20 
1491907771415 19 -18 
1491907771436 19 -17 
1491907771452 19 -19 
1491907771475 19 -21 
1491907771496 19 -19 
1491907771517 19 -18 
1491907771533 19 -19 
1491907771555 20 -19 
1491907771576 19 -19 
1491907771592 19 -19 
1491907771615 20 -19 
1491907771636 19 -18 
1491907771656 21 -19 
1491907771672 21 -20 
1491907771694 18 -21 
1491907771715 20 -19 
1491907771721 20 -17 
1491907771752 19 -18 
1491907771774 20 -19 
1491907771795 19 -21 
1491907771816 19 -21 
1491907771832 20 -18 
1491907771855 19 -19 
1491907771876 21 -18 
1491907771892 19 -20 
1491907771915 17 -20 
1491907771936 18 -20 
1491907771952 17 -17 
1491907771975 19 -16 
1491907771996 17 -14 
1491907772012 16 -15 
1491907772035 15 -16 
1491907772056 15 -15 
1491907772072 14 -14 
1491907772095 15 -14 
1491907772116 15 -12 
1491907772121 13 -12 
1491907772153 13 -12 
1491907772174 11 -13 
1491907772195 12 -13 
1491907772211 10 -12 
1491907772234 12 -10 
1491907772255 12 -12 
1491907772276 14 -12 
1491907772292 12 -10 
1491907772314 10 -10 
1491907772335 9 -8 
1491907772356 10 -10 
1491907772361 9 -9 
1491907772393 9 -8 
1491907772415 8 -9 
1491907772436 9 -8 
1491907772452 9 -8 
1491907772475 10 -9 
1491907772496 9 -9 
1491907772517 9 -8 
1491907772533 8 -8 
1491907772555 8 -7 
1491907772576 8 -6 
1491907772592 6 -5 
1491907772615 6 -6 
1491907772635 5 -6 
1491907772651 7 -5 
1491907772674 6 -7 
1491907772695 7 -7 
1491907772716 7 -8 
1491907772732 8 -6 
1491907772754 9 -7 
1491907772775 8 -9 
1491907772796 8 -9 
1491907772812 8 -7 
1491907772835 7 -8 
1491907772856 8 -7 
1491907772872 7 -6 
1491907772895 6 -6 
1491907772916 6 -6 
1491907772932 6 -6 
1491907772955 6 -6 
1491907772976 7 -6 
1491907772992 7 -8 
1491907773015 8 -8 
1491907773036 9 -7 
1491907773052 8 -7 
1491907773075 9 -9 
1491907773095 9 -9 
1491907773116 7 -8 
1491907773154 15 -14 
1491907773175 8 -6 
1491907773196 5 -5 
1491907773212 6 -7 
1491907773234 6 -6 
1491907773276 13 -12 
1491907773292 8 -8 
1491907773315 8 -7 
1491907773336 9 -7 
1491907773352 9 -8 
1491907773375 9 -9 
1491907773396 9 -9 
1491907773412 7 -8 
1491907773435 8 -8 
1491907773456 7 -7 
1491907773495 14 -12 
1491907773516 5 -7 
STOP
1491907773537 6 -5 
1491907773553 7 -7 
STRAIGHT: 3.00000
1491907773574 -1 1 
1491907773595 -1 1 
1491907773611 1 0 
1491907773634 1 0 
1491907773655 0 0 
1491907773676 0 0 
1491907773692 1 1 
1491907773715 2 2 
1491907773736 5 3 
1491907773752 5 5 
1491907773775 5 5 
1491907773796 4 3 
1491907773812 6 6 
1491907773835 8 7 
1491907773856 9 10 
1491907773872 10 9 
1491907773895 10 10 
1491907773916 9 10 
1491907773932 11 12 
1491907773955 14 14 
1491907773976 15 14 
1491907773992 17 18 
1491907774015 18 18 
1491907774035 18 19 
1491907774052 16 15 
1491907774074 18 19 
1491907774095 21 21 
1491907774132 50 48 
1491907774155 25 27 
1491907774176 23 25 
1491907774192 25 24 
1491907774214 29 28 
1491907774235 28 30 
1491907774256 30 31 
1491907774272 31 32 
1491907774295 33 31 
1491907774316 33 33 
1491907774332 32 34 
1491907774355 35 34 
1491907774376 38 38 
1491907774392 38 39 
1491907774415 40 39 
1491907774436 40 39 
1491907774441 42 41 
1491907774473 40 42 
1491907774494 43 43 
1491907774515 44 46 
1491907774521 45 47 
1491907774552 47 49 
1491907774575 47 46 
1491907774596 47 47 
1491907774612 47 46 
1491907774634 46 46 
1491907774655 47 46 
1491907774676 47 47 
1491907774697 48 48 
1491907774713 45 47 
1491907774735 46 47 
1491907774756 47 46 
1491907774772 46 46 
1491907774795 46 49 
1491907774816 47 48 
1491907774837 48 47 
1491907774853 47 47 
1491907774875 47 48 
1491907774896 47 46 
1491907774912 47 48 
1491907774935 48 48 
1491907774955 48 47 
1491907774961 47 47 
1491907774992 48 48 
1491907775015 47 46 
1491907775036 47 48 
1491907775052 47 48 
1491907775074 47 48 
1491907775095 47 47 
1491907775116 47 46 
1491907775121 49 47 
1491907775153 49 48 
1491907775175 49 48 
1491907775196 49 49 
1491907775212 48 49 
1491907775235 48 48 
1491907775256 48 48 
1491907775277 47 49 
1491907775293 46 48 
1491907775315 48 49 
1491907775336 48 46 
1491907775352 48 47 
1491907775375 48 48 
1491907775395 49 49 
1491907775416 50 50 
1491907775432 47 48 
1491907775455 47 47 
1491907775476 47 48 
1491907775492 48 47 
1491907775514 49 48 
1491907775535 48 49 
1491907775556 48 49 
1491907775572 49 48 
1491907775595 48 49 
1491907775616 50 49 
1491907775632 48 48 
1491907775655 49 49 
1491907775676 47 49 
1491907775692 49 48 
1491907775715 48 49 
1491907775736 49 48 
1491907775752 49 49 
1491907775775 49 49 
1491907775796 48 49 
1491907775812 49 49 
1491907775835 50 49 
1491907775856 51 49 
1491907775877 49 49 
1491907775893 49 50 
1491907775915 49 50 
1491907775936 47 48 
1491907775952 50 48 
1491907775974 49 50 
1491907775995 50 51 
1491907776016 49 49 
1491907776032 50 49 
1491907776055 48 49 
1491907776076 49 49 
1491907776092 50 50 
1491907776115 51 49 
1491907776136 50 49 
1491907776152 49 50 
1491907776175 49 49 
1491907776196 50 48 
1491907776212 49 49 
1491907776235 50 50 
1491907776256 50 50 
1491907776272 49 49 
1491907776295 50 50 
1491907776316 49 50 
1491907776336 51 50 
1491907776352 49 50 
1491907776374 51 50 
1491907776395 50 50 
1491907776416 51 50 
1491907776432 50 50 
1491907776455 49 51 
1491907776476 50 49 
1491907776492 49 50 
1491907776515 49 49 
1491907776536 49 50 
1491907776552 50 49 
1491907776575 51 49 
1491907776596 49 51 
1491907776612 50 49 
1491907776635 51 50 
1491907776656 50 50 
1491907776672 50 51 
1491907776695 51 51 
1491907776716 50 50 
1491907776737 50 50 
1491907776753 50 50 
1491907776774 51 51 
1491907776795 50 51 
1491907776801 51 51 
1491907776832 50 49 
1491907776854 50 49 
1491907776875 52 51 
1491907776896 51 50 
1491907776912 49 51 
1491907776934 49 48 
1491907776955 50 51 
1491907776976 52 52 
1491907776992 51 52 
1491907777015 51 51 
1491907777036 51 50 
1491907777052 50 50 
1491907777075 50 51 
1491907777096 49 50 
1491907777112 52 49 
1491907777135 50 51 
1491907777156 52 53 
1491907777172 49 51 
1491907777195 51 49 
1491907777216 51 49 
1491907777232 52 51 
1491907777254 51 52 
1491907777275 51 53 
1491907777296 52 50 
1491907777312 52 49 
1491907777334 51 52 
1491907777355 51 52 
1491907777376 49 49 
1491907777392 51 50 
1491907777415 51 51 
1491907777436 51 51 
1491907777442 51 53 
1491907777473 53 51 
1491907777495 51 51 
1491907777516 49 52 
1491907777532 51 51 
1491907777555 51 51 
1491907777576 51 50 
1491907777597 51 51 
1491907777613 51 51 
1491907777635 50 51 
1491907777656 51 50 
1491907777672 51 51 
1491907777695 52 51 
1491907777716 51 51 
1491907777736 51 52 
1491907777752 51 52 
1491907777774 51 50 
1491907777795 52 51 
1491907777816 51 52 
1491907777832 51 52 
1491907777854 50 51 
1491907777875 52 51 
1491907777896 52 50 
1491907777912 52 53 
1491907777935 52 52 
1491907777956 51 52 
1491907777972 51 51 
1491907777995 52 52 
1491907778016 51 51 
1491907778037 51 52 
1491907778053 51 49 
1491907778075 51 52 
1491907778096 51 50 
1491907778112 51 52 
1491907778135 52 52 
1491907778156 52 52 
1491907778177 52 53 
1491907778193 52 52 
1491907778215 52 51 
1491907778241 103 103 
1491907778272 54 52 
1491907778294 52 53 
1491907778315 53 53 
1491907778336 51 51 
1491907778352 51 50 
1491907778375 52 52 
1491907778396 50 51 
1491907778412 53 52 
1491907778435 51 51 
1491907778456 53 52 
1491907778472 52 53 
1491907778495 51 52 
1491907778516 52 52 
1491907778532 52 51 
1491907778555 51 53 
1491907778576 53 52 
1491907778592 52 52 
1491907778615 52 53 
1491907778636 52 52 
1491907778641 53 52 
1491907778673 51 51 
1491907778695 52 52 
1491907778716 53 52 
1491907778721 55 53 
1491907778752 55 54 
1491907778775 52 52 
1491907778796 52 52 
1491907778812 52 52 
1491907778834 49 51 
1491907778855 52 52 
1491907778876 53 53 
1491907778897 53 52 
1491907778913 53 53 
1491907778935 52 52 
1491907778956 52 52 
1491907778972 51 51 
1491907778995 53 51 
1491907779016 53 53 
1491907779037 53 53 
1491907779053 53 53 
1491907779075 52 52 
1491907779096 52 52 
1491907779112 52 52 
1491907779135 52 54 
1491907779155 53 53 
1491907779176 53 53 
1491907779192 52 51 
1491907779214 53 52 
1491907779235 53 52 
1491907779256 53 53 
1491907779272 53 53 
1491907779294 52 52 
1491907779315 53 53 
1491907779336 53 52 
1491907779352 53 53 
1491907779375 52 53 
1491907779396 53 53 
1491907779412 52 51 
1491907779435 53 52 
1491907779456 53 52 
1491907779477 53 54 
1491907779493 52 53 
1491907779515 53 53 
1491907779536 53 52 
1491907779552 53 53 
1491907779575 53 54 
1491907779596 53 53 
1491907779617 53 55 
1491907779632 54 52 
1491907779654 54 53 
1491907779675 54 53 
1491907779696 52 51 
1491907779712 52 53 
1491907779734 52 53 
1491907779776 106 105 
1491907779792 54 54 
1491907779815 52 52 
1491907779836 52 54 
1491907779852 52 52 
1491907779875 54 53 
1491907779896 54 54 
1491907779917 54 54 
1491907779933 52 54 
1491907779955 53 53 
1491907779992 107 106 
1491907780015 53 54 
1491907780036 54 54 
1491907780057 54 54 
1491907780073 52 52 
1491907780095 53 53 
1491907780115 53 54 
1491907780121 53 53 
1491907780152 53 53 
1491907780174 54 54 
1491907780195 55 55 
1491907780216 55 54 
1491907780232 54 53 
1491907780255 53 54 
1491907780276 51 53 
1491907780292 53 54 
1491907780315 54 53 
1491907780336 53 53 
1491907780352 54 54 
1491907780375 53 54 
1491907780396 54 52 
1491907780412 53 53 
1491907780435 54 55 
1491907780456 53 54 
1491907780472 54 54 
1491907780495 54 52 
1491907780516 53 55 
1491907780537 54 54 
1491907780552 53 55 
1491907780574 53 52 
1491907780595 55 54 
1491907780616 54 55 
1491907780632 55 55 
1491907780655 56 55 
1491907780676 54 54 
1491907780692 53 54 
1491907780715 52 53 
1491907780736 52 52 
1491907780752 54 52 
1491907780775 54 55 
1491907780796 55 55 
1491907780812 54 54 
1491907780835 54 52 
1491907780856 52 54 
1491907780872 54 54 
1491907780895 54 55 
1491907780916 56 54 
1491907780937 54 54 
1491907780952 54 55 
1491907780974 56 55 
1491907780995 54 54 
1491907781016 54 54 
1491907781032 53 55 
1491907781054 54 54 
1491907781075 54 55 
1491907781096 55 53 
1491907781112 54 54 
1491907781135 54 54 
1491907781156 54 54 
1491907781172 55 53 
1491907781195 54 55 
1491907781216 54 56 
1491907781232 54 55 
1491907781255 55 53 
1491907781276 54 54 
1491907781292 54 54 
1491907781315 55 56 
1491907781336 55 53 
1491907781357 57 53 
1491907781373 55 54 
1491907781395 54 56 
1491907781416 52 54 
1491907781431 52 51 
1491907781454 53 53 
1491907781475 56 56 
1491907781496 55 55 
1491907781512 54 54 
1491907781535 54 54 
1491907781556 55 55 
1491907781572 54 54 
1491907781595 55 54 
1491907781616 55 55 
1491907781632 53 55 
1491907781655 55 54 
1491907781676 54 54 
1491907781692 55 54 
1491907781715 54 54 
1491907781736 52 54 
1491907781752 55 54 
1491907781775 56 54 
1491907781796 56 56 
1491907781817 54 55 
1491907781833 54 54 
1491907781855 54 54 
1491907781875 54 53 
1491907781881 54 56 
1491907781912 56 55 
1491907781934 55 55 
1491907781955 55 55 
1491907781976 54 55 
1491907781992 55 55 
1491907782014 54 54 
1491907782035 55 54 
1491907782056 54 54 
1491907782077 55 54 
1491907782093 55 54 
1491907782136 111 110 
1491907782175 108 108 
1491907782196 55 55 
1491907782212 54 55 
1491907782235 56 55 
1491907782256 54 55 
1491907782261 56 55 
1491907782293 54 54 
1491907782315 55 55 
1491907782336 56 55 
1491907782352 55 55 
1491907782374 54 55 
1491907782395 55 54 
1491907782416 56 56 
1491907782432 55 55 
1491907782454 53 54 
1491907782475 54 53 
1491907782496 56 55 
1491907782502 55 55 
1491907782533 55 56 
1491907782555 55 54 
1491907782576 55 54 
1491907782592 55 54 
1491907782615 56 56 
1491907782636 56 56 
1491907782657 55 56 
1491907782673 54 54 
1491907782695 54 52 
1491907782716 55 54 
1491907782732 54 55 
1491907782755 55 56 
1491907782776 56 57 
1491907782792 55 56 
1491907782814 57 56 
1491907782835 55 54 
1491907782856 55 55 
1491907782872 53 55 
1491907782894 56 54 
1491907782915 54 54 
1491907782936 55 56 
1491907782952 55 56 
1491907782975 55 56 
1491907782996 54 54 
1491907783012 55 54 
1491907783035 55 54 
1491907783056 56 56 
1491907783072 56 56 
1491907783095 56 55 
1491907783116 54 55 
1491907783132 55 55 
1491907783155 56 54 
1491907783176 54 55 
1491907783192 55 56 
1491907783215 56 56 
1491907783236 55 55 
1491907783257 55 56 
1491907783273 55 55 
1491907783295 54 56 
1491907783321 108 108 
1491907783352 56 55 
1491907783375 57 56 
1491907783396 54 56 
1491907783412 55 55 
1491907783435 56 54 
1491907783456 55 55 
1491907783472 56 56 
1491907783495 55 55 
1491907783516 56 56 
1491907783537 56 56 
1491907783553 54 54 
1491907783575 55 54 
1491907783596 56 56 
1491907783612 53 56 
1491907783635 56 55 
1491907783656 57 55 
1491907783677 57 56 
1491907783693 56 57 
1491907783715 54 55 
1491907783736 54 55 
1491907783756 55 54 
1491907783772 56 55 
1491907783794 56 57 
1491907783815 56 56 
1491907783836 55 54 
1491907783852 55 56 
1491907783875 56 56 
1491907783896 56 56 
1491907783912 55 55 
1491907783935 56 55 
1491907783956 55 56 
1491907783972 56 56 
1491907783995 57 56 
1491907784016 56 54 
1491907784032 55 56 
1491907784055 55 56 
1491907784076 55 55 
1491907784092 56 55 
1491907784115 56 56 
1491907784136 56 56 
1491907784157 55 54 
1491907784173 56 55 
1491907784195 55 56 
1491907784216 56 56 
1491907784236 55 57 
1491907784252 56 56 
1491907784275 56 56 
1491907784296 56 57 
1491907784312 55 56 
1491907784335 55 54 
1491907784356 56 55 
1491907784372 56 55 
1491907784395 56 57 
1491907784416 56 54 
1491907784432 56 55 
1491907784455 55 56 
1491907784476 56 55 
1491907784492 55 56 
1491907784515 56 57 
1491907784536 56 58 
1491907784541 55 56 
1491907784573 56 54 
1491907784595 57 55 
1491907784616 55 57 
1491907784637 55 57 
1491907784653 55 55 
1491907784674 57 55 
1491907784695 57 56 
1491907784716 56 57 
1491907784732 55 57 
1491907784755 56 55 
1491907784776 56 55 
1491907784792 56 55 
1491907784815 55 57 
1491907784836 56 56 
1491907784852 55 55 
1491907784875 57 55 
1491907784896 57 56 
1491907784912 56 57 
1491907784935 56 57 
1491907784956 56 56 
1491907784977 56 57 
1491907784993 55 55 
1491907785015 57 55 
1491907785036 55 56 
1491907785041 55 56 
1491907785073 56 54 
1491907785095 56 56 
1491907785116 58 56 
1491907785136 55 56 
1491907785152 56 57 
1491907785175 56 56 
1491907785196 55 55 
1491907785212 57 57 
1491907785235 55 56 
1491907785256 56 56 
1491907785272 56 55 
1491907785295 57 57 
1491907785316 57 56 
1491907785332 56 55 
1491907785355 56 57 
1491907785376 57 57 
1491907785392 55 57 
1491907785415 56 56 
1491907785457 111 111 
1491907785473 56 56 
1491907785495 56 55 
1491907785516 57 56 
1491907785537 57 57 
1491907785553 57 57 
1491907785576 54 57 
1491907785597 57 56 
1491907785612 56 56 
1491907785635 56 55 
1491907785656 56 57 
1491907785672 57 55 
1491907785695 56 56 
1491907785716 57 56 
1491907785732 55 57 
1491907785755 57 57 
1491907785776 56 55 
1491907785792 56 56 
1491907785815 57 56 
1491907785836 56 58 
1491907785841 55 55 
1491907785873 57 56 
1491907785895 55 58 
1491907785916 57 56 
1491907785921 57 55 
1491907785953 56 57 
1491907785975 57 56 
1491907785996 56 57 
1491907786017 57 55 
1491907786032 57 57 
1491907786055 56 56 
1491907786076 55 56 
1491907786092 56 54 
1491907786115 56 57 
1491907786136 58 58 
1491907786152 56 56 
1491907786175 55 55 
1491907786196 55 56 
1491907786212 53 53 
1491907786235 53 54 
1491907786256 53 53 
1491907786277 52 53 
1491907786293 51 52 
1491907786315 52 51 
1491907786336 51 49 
1491907786352 49 50 
1491907786375 48 47 
1491907786396 47 47 
1491907786417 48 49 
1491907786433 48 48 
1491907786456 46 46 
1491907786476 45 45 
1491907786492 44 43 
1491907786515 43 44 
1491907786536 42 44 
1491907786552 43 44 
1491907786575 43 42 
1491907786596 42 41 
1491907786612 41 41 
1491907786635 40 39 
1491907786656 40 40 
1491907786672 39 40 
1491907786695 38 39 
1491907786716 37 37 
1491907786721 38 37 
1491907786753 38 38 
1491907786775 35 37 
1491907786796 35 35 
1491907786801 36 34 
1491907786833 34 35 
1491907786856 34 34 
1491907786877 35 34 
1491907786893 34 33 
1491907786916 34 33 
1491907786937 33 33 
1491907786952 30 33 
1491907786975 31 31 
1491907786996 33 32 
1491907787012 30 30 
1491907787035 29 30 
1491907787056 31 30 
1491907787072 31 31 
1491907787095 28 29 
1491907787116 28 28 
1491907787132 30 29 
1491907787155 27 28 
1491907787176 27 28 
1491907787181 27 26 
1491907787213 28 27 
1491907787235 24 26 
1491907787256 25 24 
1491907787261 26 26 
1491907787293 28 26 
1491907787316 23 25 
1491907787337 23 24 
1491907787353 24 23 
1491907787374 25 24 
1491907787395 23 24 
1491907787416 21 24 
1491907787437 23 22 
1491907787453 23 21 
1491907787475 23 22 
1491907787496 20 24 
1491907787512 21 21 
1491907787535 21 20 
1491907787556 23 21 
1491907787577 22 21 
1491907787593 20 22 
1491907787615 19 20 
1491907787636 18 18 
1491907787652 19 18 
1491907787675 21 20 
1491907787696 19 20 
1491907787717 18 18 
1491907787733 16 16 
1491907787756 17 18 
1491907787777 18 19 
1491907787793 19 19 
1491907787815 17 16 
1491907787836 17 16 
1491907787857 15 16 
1491907787862 16 17 
1491907787893 16 16 
1491907787915 19 16 
1491907787936 16 16 
1491907787952 14 16 
1491907787975 14 13 
1491907787996 14 14 
1491907788017 14 15 
1491907788033 16 16 
1491907788055 16 16 
1491907788076 15 14 
1491907788092 14 14 
1491907788115 11 12 
1491907788136 13 12 
1491907788157 14 13 
1491907788173 14 15 
1491907788196 15 15 
1491907788217 15 13 
1491907788233 12 12 
1491907788255 11 12 
1491907788276 10 12 
1491907788297 11 10 
1491907788313 13 11 
1491907788336 12 13 
1491907788356 12 14 
1491907788372 12 11 
1491907788395 12 10 
1491907788416 9 10 
1491907788432 10 10 
1491907788455 9 11 
1491907788476 10 9 
1491907788492 10 10 
1491907788515 10 11 
1491907788536 10 11 
1491907788552 11 8 
1491907788575 11 11 
1491907788596 9 11 
1491907788617 10 10 
1491907788633 10 9 
1491907788656 10 10 
1491907788661 9 9 
1491907788693 10 10 
1491907788715 11 10 
1491907788736 10 10 
1491907788757 10 11 
1491907788773 11 10 
1491907788796 10 10 
1491907788817 10 11 
1491907788832 9 10 
1491907788855 10 9 
1491907788876 10 9 
1491907788892 10 10 
1491907788915 9 10 
1491907788936 10 8 
1491907788952 10 10 
1491907788975 10 10 
1491907788996 10 11 
ROTATE: 1.57080
1491907789012 3 3 
1491907789035 -3 -2 
1491907789056 1 0 
1491907789077 0 0 
1491907789093 0 0 
1491907789115 0 0 
1491907789136 1 0 
1491907789157 4 0 
1491907789173 4 -1 
1491907789196 5 -2 
1491907789217 6 -2 
1491907789233 6 -3 
1491907789256 6 -5 
1491907789276 7 -6 
1491907789292 6 -9 
1491907789315 6 -10 
1491907789336 9 -11 
1491907789352 10 -12 
1491907789375 13 -13 
1491907789396 15 -14 
1491907789412 18 -15 
1491907789435 18 -16 
1491907789456 21 -17 
1491907789477 18 -17 
1491907789493 19 -19 
1491907789515 19 -20 
1491907789536 20 -19 
1491907789541 19 -16 
1491907789573 19 -17 
1491907789595 17 -20 
1491907789616 16 -18 
1491907789637 17 -18 
1491907789653 17 -18 
1491907789675 19 -16 
1491907789696 19 -17 
1491907789717 18 -18 
1491907789733 19 -19 
1491907789756 18 -19 
1491907789776 19 -19 
1491907789792 20 -16 
1491907789815 20 -18 
1491907789836 18 -19 
1491907789852 18 -19 
1491907789875 18 -19 
1491907789896 19 -18 
1491907789912 20 -17 
1491907789935 19 -18 
1491907789956 18 -18 
1491907789972 18 -19 
1491907789995 18 -19 
1491907790016 19 -18 
1491907790037 20 -17 
1491907790053 19 -19 
1491907790076 19 -20 
1491907790097 19 -19 
1491907790113 18 -18 
1491907790135 20 -17 
1491907790156 20 -18 
1491907790177 19 -19 
1491907790198 18 -19 
1491907790213 18 -19 
1491907790235 20 -18 
1491907790256 19 -18 
1491907790272 20 -18 
1491907790295 19 -20 
1491907790316 19 -20 
1491907790337 19 -20 
1491907790353 20 -16 
1491907790375 20 -17 
1491907790396 20 -20 
1491907790412 18 -20 
1491907790435 19 -19 
1491907790456 19 -19 
1491907790477 19 -18 
1491907790493 21 -17 
1491907790516 20 -20 
1491907790537 19 -21 
1491907790553 19 -20 
1491907790575 18 -18 
1491907790596 20 -19 
1491907790617 21 -18 
1491907790633 19 -21 
1491907790656 19 -20 
1491907790676 19 -20 
1491907790692 19 -17 
1491907790715 20 -19 
1491907790736 20 -20 
1491907790757 19 -21 
1491907790773 18 -20 
1491907790795 20 -19 
1491907790816 19 -18 
1491907790832 20 -19 
1491907790855 18 -19 
1491907790876 18 -19 
1491907790892 17 -18 
1491907790915 17 -17 
1491907790936 19 -16 
1491907790957 17 -16 
1491907790973 16 -16 
1491907790995 15 -18 
1491907791016 14 -16 
1491907791037 16 -14 
1491907791053 16 -13 
1491907791076 14 -14 
1491907791097 14 -12 
1491907791113 11 -13 
1491907791136 11 -12 
1491907791156 12 -14 
1491907791172 13 -12 
1491907791195 13 -11 
1491907791216 13 -12 
1491907791232 13 -11 
1491907791255 11 -11 
1491907791276 9 -9 
1491907791292 8 -10 
1491907791315 8 -10 
1491907791336 9 -9 
1491907791342 9 -9 
1491907791373 10 -9 
1491907791395 9 -9 
1491907791416 10 -9 
1491907791432 10 -8 
1491907791455 9 -8 
1491907791476 9 -8 
1491907791497 7 -8 
1491907791513 7 -6 
1491907791535 6 -5 
1491907791577 13 -15 
1491907791593 6 -5 
1491907791615 6 -8 
1491907791636 8 -8 
1491907791657 7 -8 
1491907791673 8 -7 
1491907791696 8 -8 
1491907791717 8 -9 
1491907791733 8 -8 
1491907791756 7 -7 
1491907791776 7 -7 
1491907791792 6 -7 
1491907791815 7 -6 
1491907791836 6 -5 
1491907791852 5 -8 
1491907791875 7 -5 
1491907791896 7 -7 
1491907791917 7 -8 
1491907791933 8 -8 
1491907791955 8 -6 
1491907791976 8 -7 
1491907791992 8 -7 
1491907792015 9 -7 
1491907792036 7 -6 
1491907792052 8 -7 
1491907792075 7 -8 
1491907792096 7 -6 
1491907792117 7 -5 
1491907792133 7 -6 
1491907792155 7 -7 
1491907792176 7 -8 
1491907792197 6 -6 
1491907792213 7 -8 
1491907792236 9 -9 
1491907792257 8 -6 
1491907792273 7 -7 
1491907792296 9 -8 
1491907792317 9 -8 
1491907792333 8 -7 
1491907792356 8 -8 
1491907792376 7 -7 
1491907792392 8 -7 
1491907792415 6 -6 
1491907792436 6 -6 
1491907792452 7 -7 
1491907792475 6 -6 
1491907792496 7 -8 
1491907792512 8 -7 
1491907792535 7 -8 
STOP
1491907792556 8 -7 
1491907792572 9 -7 
STRAIGHT: 3.00000
1491907792595 -2 1 
1491907792616 0 1 
1491907792621 2 -2 
1491907792653 0 -1 
1491907792676 0 0 
1491907792697 1 1 
1491907792713 1 2 
1491907792735 2 1 
1491907792756 4 1 
1491907792777 4 3 
1491907792798 4 4 
1491907792813 6 6 
1491907792835 7 5 
1491907792856 6 7 
1491907792872 7 7 
1491907792895 9 11 
1491907792916 10 10 
1491907792937 13 13 
1491907792953 13 13 
1491907792996 30 29 
1491907793012 16 17 
1491907793035 16 17 
1491907793056 18 19 
1491907793077 20 19 
1491907793093 22 22 
1491907793116 22 22 
1491907793137 22 21 
1491907793153 22 22 
1491907793175 23 24 
1491907793196 26 26 
1491907793217 27 27 
1491907793238 29 30 
1491907793254 29 30 
1491907793275 31 31 
1491907793296 29 29 
1491907793313 32 33 
1491907793335 33 34 
1491907793356 36 34 
1491907793377 36 36 
1491907793393 36 38 
1491907793415 38 39 
1491907793436 38 37 
1491907793452 41 41 
1491907793475 40 42 
1491907793496 41 42 
1491907793517 44 42 
1491907793533 45 45 
1491907793555 44 46 
1491907793576 46 46 
1491907793597 46 47 
1491907793613 47 45 
1491907793635 45 46 
1491907793677 94 94 
1491907793693 47 48 
1491907793716 48 47 
1491907793737 47 47 
1491907793753 46 47 
1491907793776 45 47 
1491907793796 48 46 
1491907793812 46 47 
1491907793835 47 48 
1491907793856 47 48 
1491907793872 45 47 
1491907793895 44 44 
1491907793916 47 47 
1491907793932 48 48 
1491907793955 49 49 
1491907793976 49 49 
1491907793997 50 47 
1491907794013 48 48 
1491907794035 46 47 
1491907794056 45 47 
1491907794077 46 45 
1491907794093 47 48 
1491907794116 49 48 
1491907794137 46 49 
1491907794153 48 48 
1491907794176 48 47 
1491907794197 48 48 
1491907794213 48 48 
1491907794235 49 49 
1491907794256 48 48 
1491907794272 46 48 
1491907794295 48 48 
1491907794316 47 49 
1491907794332 49 47 
1491907794355 49 48 
1491907794376 49 48 
1491907794392 48 49 
1491907794415 49 49 
1491907794436 50 48 
1491907794452 48 49 
1491907794475 47 47 
1491907794496 47 48 
1491907794501 49 48 
1491907794533 49 50 
1491907794556 51 49 
1491907794577 50 50 
1491907794593 51 50 
1491907794615 49 50 
1491907794636 49 49 
1491907794657 49 47 
1491907794678 48 50 
1491907794694 47 48 
1491907794715 47 47 
1491907794736 49 48 
1491907794752 49 50 
1491907794775 49 50 
1491907794796 48 48 
1491907794817 50 48 
1491907794833 48 48 
1491907794855 49 49 
1491907794876 51 51 
1491907794892 48 49 
1491907794915 50 49 
1491907794936 49 48 
1491907794957 50 50 
1491907794995 98 100 
1491907795016 48 49 
1491907795037 49 49 
1491907795053 50 49 
1491907795075 48 49 
1491907795096 50 48 
1491907795117 51 51 
1491907795133 49 51 
1491907795156 49 49 
1491907795177 49 48 
1491907795193 49 48 
1491907795215 49 50 
1491907795236 49 51 
1491907795257 51 51 
1491907795273 50 49 
1491907795295 50 48 
1491907795316 49 51 
1491907795332 48 50 
1491907795355 51 51 
1491907795376 51 49 
1491907795397 50 50 
1491907795413 50 50 
1491907795435 49 48 
1491907795456 51 50 
1491907795477 51 51 
1491907795493 51 51 
1491907795515 50 50 
1491907795536 50 50 
1491907795557 50 50 
1491907795573 51 49 
1491907795596 50 52 
1491907795617 51 50 
1491907795633 50 50 
1491907795656 50 50 
1491907795676 49 50 
1491907795697 51 50 
1491907795713 50 51 
1491907795735 50 50 
1491907795756 50 50 
1491907795795 99 102 
1491907795816 50 50 
1491907795837 50 51 
1491907795853 52 50 
1491907795875 53 50 
1491907795896 54 51 
1491907795901 52 50 
1491907795933 50 49 
1491907795955 51 48 
1491907795976 51 52 
1491907795997 52 51 
1491907796013 50 51 
1491907796036 50 51 
1491907796057 50 50 
1491907796073 52 51 
1491907796096 50 51 
1491907796117 51 52 
1491907796132 50 50 
1491907796155 50 49 
1491907796176 49 46 
1491907796192 49 48 
1491907796215 49 51 
1491907796236 49 50 
1491907796252 50 51 
1491907796275 50 52 
1491907796296 51 51 
1491907796317 51 51 
1491907796333 50 50 
1491907796355 50 50 
1491907796376 52 52 
1491907796397 52 52 
1491907796434 103 100 
1491907796456 50 51 
1491907796477 52 52 
1491907796493 52 52 
1491907796516 52 51 
1491907796537 50 49 
1491907796558 48 51 
1491907796574 49 48 
1491907796596 49 48 
1491907796616 50 51 
1491907796632 50 50 
1491907796655 52 51 
1491907796676 52 49 
1491907796697 51 52 
1491907796713 51 53 
1491907796735 51 52 
1491907796772 103 101 
1491907796795 50 52 
1491907796816 52 52 
1491907796832 50 53 
1491907796855 52 51 
1491907796876 50 49 
1491907796897 50 49 
1491907796913 52 52 
1491907796935 52 52 
1491907796956 51 50 
1491907796977 51 51 
1491907796993 51 52 
1491907797016 51 50 
1491907797037 51 52 
1491907797076 102 104 
1491907797097 51 50 
1491907797113 51 50 
1491907797136 50 52 
1491907797157 52 52 
1491907797173 52 52 
1491907797195 51 51 
1491907797216 51 51 
1491907797232 52 51 
1491907797255 51 51 
1491907797276 52 53 
1491907797292 51 52 
1491907797315 51 51 
1491907797336 52 52 
1491907797352 50 51 
1491907797375 51 52 
1491907797396 53 53 
1491907797412 52 52 
1491907797435 53 52 
1491907797456 51 51 
1491907797477 52 53 
1491907797493 52 52 
1491907797515 53 52 
1491907797536 52 52 
1491907797557 51 52 
1491907797562 52 53 
1491907797594 52 52 
1491907797616 52 52 
1491907797637 53 52 
1491907797653 51 51 
1491907797676 53 51 
1491907797697 51 52 
1491907797718 49 53 
1491907797734 50 52 
1491907797756 52 52 
1491907797776 53 53 
1491907797792 55 54 
1491907797815 52 54 
1491907797836 51 52 
1491907797857 52 50 
1491907797873 51 47 
1491907797895 51 51 
1491907797916 54 53 
1491907797932 52 54 
1491907797955 52 52 
1491907797976 53 52 
1491907797997 52 52 
1491907798013 50 54 
1491907798035 53 52 
1491907798056 53 51 
1491907798077 53 53 
1491907798093 53 52 
1491907798116 52 52 
1491907798137 51 51 
1491907798158 53 53 
1491907798174 53 54 
1491907798196 51 52 
1491907798216 53 52 
1491907798232 51 52 
1491907798255 52 52 
1491907798276 53 54 
1491907798297 54 54 
1491907798313 54 52 
1491907798335 52 53 
1491907798356 52 52 
1491907798372 52 51 
1491907798395 52 53 
1491907798416 53 51 
1491907798437 52 53 
1491907798453 53 52 
1491907798476 52 54 
1491907798497 53 53 
1491907798535 107 106 
1491907798556 53 53 
1491907798577 54 54 
1491907798593 52 53 
1491907798616 54 53 
1491907798637 53 53 
1491907798653 53 51 
1491907798676 52 53 
1491907798697 53 52 
1491907798713 52 53 
1491907798735 54 53 
1491907798756 52 52 
1491907798772 53 53 
1491907798795 52 53 
1491907798816 53 54 
1491907798832 54 52 
1491907798855 53 53 
1491907798876 53 53 
1491907798897 55 55 
1491907798913 53 54 
1491907798936 52 51 
1491907798941 53 52 
1491907798973 53 53 
1491907798995 52 52 
1491907799037 107 108 
1491907799053 54 53 
1491907799076 53 52 
1491907799097 52 52 
1491907799113 53 54 
1491907799136 54 54 
1491907799157 53 54 
1491907799173 53 52 
1491907799195 53 53 
1491907799216 53 53 
1491907799232 53 54 
1491907799255 54 54 
1491907799276 53 53 
1491907799292 53 53 
1491907799315 54 53 
1491907799336 53 54 
1491907799357 54 54 
1491907799373 53 53 
1491907799395 53 51 
1491907799416 53 54 
1491907799437 53 53 
1491907799453 55 56 
1491907799476 54 55 
1491907799497 53 53 
1491907799513 52 53 
1491907799536 53 52 
1491907799557 55 55 
1491907799573 56 56 
1491907799596 57 55 
1491907799617 55 54 
1491907799633 54 54 
1491907799656 53 54 
1491907799676 52 52 
1491907799692 54 54 
1491907799715 52 52 
1491907799736 54 53 
1491907799742 54 56 
1491907799773 53 53 
1491907799795 55 53 
1491907799816 53 53 
1491907799832 53 53 
1491907799855 54 55 
1491907799876 55 55 
1491907799897 55 54 
1491907799913 55 53 
1491907799936 53 55 
1491907799957 53 53 
1491907799973 53 54 
1491907799996 54 54 
1491907800017 54 53 
1491907800038 55 54 
1491907800054 53 53 
1491907800097 107 109 
1491907800113 53 52 
1491907800136 54 54 
1491907800177 109 110 
1491907800193 54 55 
1491907800215 54 54 
1491907800252 108 109 
1491907800275 54 54 
1491907800296 54 54 
1491907800317 55 56 
1491907800333 55 54 
1491907800356 54 53 
1491907800377 54 53 
1491907800393 54 54 
1491907800416 54 55 
1491907800437 55 55 
1491907800442 54 52 
1491907800474 54 55 
1491907800496 54 55 
1491907800517 54 56 
1491907800533 54 53 
1491907800556 56 54 
1491907800577 55 56 
1491907800593 55 56 
1491907800615 56 56 
1491907800636 54 54 
1491907800642 55 53 
1491907800673 53 54 
1491907800695 55 54 
1491907800716 54 56 
1491907800722 55 55 
1491907800753 55 54 
1491907800775 54 53 
1491907800796 54 54 
1491907800817 56 56 
1491907800833 53 55 
1491907800855 55 53 
1491907800876 55 53 
1491907800897 55 56 
1491907800913 54 55 
1491907800936 55 56 
1491907800957 55 54 
1491907800973 54 54 
1491907800996 54 54 
1491907801017 55 54 
1491907801038 55 56 
1491907801054 55 55 
1491907801076 54 53 
1491907801096 54 53 
1491907801112 54 55 
1491907801135 55 55 
1491907801156 55 56 
1491907801172 55 55 
1491907801195 55 55 
1491907801216 54 55 
1491907801237 53 56 
1491907801253 54 56 
1491907801275 55 55 
1491907801296 57 54 
1491907801317 59 54 
1491907801333 58 54 
1491907801356 56 56 
1491907801377 56 54 
1491907801393 56 55 
1491907801416 57 54 
1491907801437 55 55 
1491907801453 53 56 
1491907801476 55 56 
1491907801497 54 55 
1491907801513 55 53 
1491907801536 55 53 
1491907801557 55 55 
1491907801573 55 54 
1491907801595 55 54 
1491907801616 55 55 
1491907801622 54 55 
1491907801653 55 57 
1491907801675 55 56 
1491907801696 54 55 
1491907801702 54 54 
1491907801733 54 54 
1491907801755 56 56 
1491907801776 56 56 
1491907801797 55 53 
1491907801813 56 55 
1491907801836 57 56 
1491907801857 56 57 
1491907801873 57 57 
1491907801896 56 55 
1491907801917 56 57 
1491907801933 55 55 
1491907801956 49 53 
1491907801977 52 52 
1491907801993 54 52 
1491907802016 54 55 
1491907802036 55 54 
1491907802057 55 56 
1491907802073 56 55 
1491907802095 56 55 
1491907802116 56 55 
1491907802132 55 54 
1491907802155 56 57 
1491907802176 55 56 
1491907802213 111 114 
1491907802236 55 54 
1491907802257 54 54 
1491907802273 54 55 
1491907802295 56 55 
1491907802316 55 56 
1491907802337 56 53 
1491907802358 55 56 
1491907802374 55 55 
1491907802396 54 55 
1491907802417 56 54 
1491907802433 54 56 
1491907802456 56 55 
1491907802477 56 56 
1491907802497 56 57 
1491907802514 56 56 
1491907802535 55 55 
1491907802556 54 54 
1491907802572 55 54 
1491907802595 55 57 
1491907802616 55 55 
1491907802637 57 56 
1491907802653 55 54 
1491907802675 55 56 
1491907802696 56 56 
1491907802717 55 55 
1491907802733 55 54 
1491907802755 55 55 
1491907802776 55 56 
1491907802797 56 56 
1491907802813 55 55 
1491907802836 56 55 
1491907802857 54 55 
1491907802873 55 54 
1491907802896 55 56 
1491907802917 57 55 
1491907802938 56 56 
1491907802954 56 55 
1491907802975 57 55 
1491907802996 54 55 
1491907803012 54 55 
1491907803035 54 56 
1491907803056 54 54 
1491907803077 56 55 
1491907803093 55 56 
1491907803116 57 56 
1491907803137 57 57 
1491907803153 56 56 
1491907803175 55 55 
1491907803196 56 55 
1491907803217 57 56 
1491907803233 56 57 
1491907803256 55 56 
1491907803277 54 55 
1491907803293 55 55 
1491907803316 56 56 
1491907803337 55 56 
1491907803358 57 56 
1491907803374 56 55 
1491907803396 56 55 
1491907803416 56 56 
1491907803432 55 55 
1491907803455 57 56 
1491907803476 54 56 
1491907803492 55 55 
1491907803515 57 58 
1491907803536 55 56 
1491907803557 55 54 
1491907803573 54 53 
1491907803595 55 56 
1491907803616 57 56 
1491907803637 57 57 
1491907803653 57 56 
1491907803676 57 56 
1491907803697 56 57 
1491907803713 55 56 
1491907803736 54 55 
1491907803757 56 56 
1491907803773 57 55 
1491907803796 56 57 
1491907803817 54 55 
1491907803833 56 57 
1491907803856 55 55 
1491907803877 56 55 
1491907803893 55 56 
1491907803915 56 57 
1491907803936 57 57 
1491907803942 56 56 
1491907803973 56 55 
1491907803995 56 56 
1491907804016 54 57 
1491907804022 55 55 
1491907804053 57 56 
1491907804075 56 56 
1491907804096 56 56 
1491907804117 55 56 
1491907804133 56 56 
1491907804155 56 56 
1491907804176 58 56 
1491907804197 56 57 
1491907804213 56 57 
1491907804236 56 58 
1491907804257 56 55 
1491907804273 56 55 
1491907804296 56 56 
1491907804317 56 56 
1491907804333 56 57 
1491907804356 56 55 
1491907804376 58 57 
1491907804392 55 55 
1491907804415 56 56 
1491907804436 56 56 
1491907804452 56 57 
1491907804475 56 55 
1491907804496 56 56 
1491907804517 56 56 
1491907804533 57 58 
1491907804556 56 57 
1491907804577 56 55 
1491907804593 56 54 
1491907804615 56 58 
1491907804636 56 57 
1491907804657 55 56 
1491907804673 56 55 
1491907804696 57 55 
1491907804717 57 56 
1491907804733 56 56 
1491907804756 58 57 
1491907804777 57 58 
1491907804792 57 57 
1491907804815 56 57 
1491907804836 55 56 
1491907804852 54 55 
1491907804875 55 54 
1491907804896 54 54 
1491907804912 55 54 
1491907804935 56 57 
1491907804956 58 57 
1491907804977 56 56 
1491907804993 57 57 
1491907805016 56 55 
1491907805037 56 55 
1491907805053 56 58 
1491907805075 58 57 
1491907805096 57 57 
1491907805117 56 55 
1491907805133 55 57 
1491907805156 56 56 
1491907805177 55 55 
1491907805193 56 55 
1491907805216 54 56 
1491907805237 55 54 
1491907805253 54 54 
1491907805275 53 52 
1491907805296 51 52 
1491907805312 50 50 
1491907805335 50 49 
1491907805356 51 50 
1491907805372 49 51 
1491907805395 50 50 
1491907805416 49 47 
1491907805437 46 45 
1491907805453 45 46 
1491907805475 45 47 
1491907805496 47 45 
1491907805517 45 44 
1491907805533 44 43 
1491907805556 43 44 
1491907805577 42 43 
1491907805593 41 40 
1491907805616 41 42 
1491907805637 41 41 
1491907805653 40 40 
1491907805676 41 40 
1491907805697 40 38 
1491907805713 39 40 
1491907805736 38 38 
1491907805756 36 37 
1491907805772 37 38 
1491907805795 37 37 
1491907805816 36 35 
1491907805822 35 35 
1491907805853 36 36 
1491907805875 33 33 
1491907805896 33 34 
1491907805902 34 34 
1491907805933 34 32 
1491907805955 32 33 
1491907805976 32 33 
1491907805997 32 32 
1491907806013 31 30 
1491907806036 30 30 
1491907806057 30 31 
1491907806073 30 30 
1491907806096 29 30 
1491907806117 29 30 
1491907806133 29 29 
1491907806156 29 28 
1491907806177 27 28 
1491907806193 27 27 
1491907806215 28 27 
1491907806236 27 26 
1491907806257 26 27 
1491907806273 26 26 
1491907806295 25 24 
1491907806316 25 24 
1491907806353 49 52 
1491907806375 26 25 
1491907806396 24 23 
1491907806417 23 24 
1491907806433 21 22 
1491907806456 23 22 
1491907806477 24 22 
1491907806493 22 23 
1491907806516 21 23 
1491907806537 22 21 
1491907806558 23 21 
1491907806574 21 22 
1491907806596 19 22 
1491907806617 20 20 
1491907806633 20 18 
1491907806656 20 21 
1491907806676 19 20 
1491907806698 19 18 
1491907806713 19 19 
1491907806735 17 17 
1491907806756 18 19 
1491907806772 19 18 
1491907806795 20 18 
1491907806816 17 18 
1491907806837 17 17 
1491907806853 16 17 
1491907806876 17 17 
1491907806897 18 19 
1491907806913 17 16 
1491907806936 16 16 
1491907806957 16 15 
1491907806978 15 15 
1491907806994 14 15 
1491907807037 32 30 
1491907807053 15 15 
1491907807076 15 15 
1491907807096 14 13 
1491907807112 13 13 
1491907807135 13 14 
1491907807156 14 14 
1491907807177 15 14 
1491907807193 15 14 
1491907807215 13 12 
1491907807236 12 12 
1491907807257 11 12 
1491907807273 13 12 
1491907807296 12 13 
1491907807317 12 14 
1491907807333 11 12 
1491907807356 13 11 
1491907807377 12 10 
1491907807393 11 11 
1491907807416 10 11 
1491907807437 10 10 
1491907807453 11 11 
1491907807476 11 11 
1491907807497 10 12 
1491907807513 11 10 
1491907807535 11 10 
1491907807556 10 10 
1491907807562 10 10 
1491907807593 10 9 
1491907807615 10 9 
1491907807636 9 10 
1491907807657 10 9 
1491907807673 9 10 
1491907807696 9 9 
1491907807717 10 11 
1491907807733 10 10 
1491907807756 11 10 
1491907807777 10 9 
1491907807793 9 9 
1491907807816 10 10 
1491907807837 9 9 
1491907807858 10 9 
1491907807874 9 10 
1491907807896 9 10 
1491907807933 19 19 
1491907807956 9 9 
1491907807977 10 9 
1491907807998 10 9 
1491907808014 9 9 
1491907808036 9 9 
1491907808056 9 8 
1491907808072 8 10 
ROTATE: 1.57080
1491907808095 -1 -1 
1491907808116 -2 -1 
1491907808137 0 0 
1491907808153 1 0 
1491907808175 0 0 
1491907808196 0 0 
1491907808217 3 -1 
1491907808233 4 -2 
1491907808255 4 -2 
1491907808297 2 -11 
1491907808313 3 -5 
1491907808336 4 -6 
1491907808357 6 -7 
1491907808373 6 -8 
1491907808396 9 -11 
1491907808417 10 -10 
1491907808438 13 -13 
1491907808454 16 -12 
1491907808497 38 -33 
1491907808512 21 -19 
1491907808535 21 -17 
1491907808556 19 -20 
1491907808577 19 -20 
1491907808593 19 -20 
1491907808615 19 -17 
1491907808636 17 -17 
1491907808657 18 -16 
1491907808673 20 -18 
1491907808695 20 -17 
1491907808737 35 -38 
1491907808753 16 -18 
1491907808776 17 -19 
1491907808797 17 -17 
1491907808813 17 -17 
1491907808836 17 -18 
1491907808857 18 -19 
1491907808873 17 -17 
1491907808896 17 -19 
1491907808917 19 -18 
1491907808933 18 -19 
1491907808955 19 -19 
1491907808976 17 -17 
1491907808992 16 -20 
1491907809015 18 -19 
1491907809036 18 -17 
1491907809057 18 -17 
1491907809073 18 -19 
1491907809095 19 -18 
1491907809137 34 -38 
1491907809158 20 -19 
1491907809174 19 -20 
1491907809196 19 -18 
1491907809217 17 -18 
1491907809233 17 -20 
1491907809256 19 -19 
1491907809277 19 -18 
1491907809298 19 -20 
1491907809314 19 -18 
1491907809336 18 -19 
1491907809357 18 -20 
1491907809373 19 -18 
1491907809395 19 -18 
1491907809416 19 -20 
1491907809437 18 -19 
1491907809453 18 -20 
1491907809475 18 -19 
1491907809496 20 -19 
1491907809502 20 -19 
1491907809533 18 -19 
1491907809555 18 -19 
1491907809576 19 -20 
1491907809597 20 -20 
1491907809613 19 -18 
1491907809636 21 -19 
1491907809657 18 -20 
1491907809673 18 -19 
1491907809696 20 -19 
1491907809717 19 -20 
1491907809738 19 -20 
1491907809754 20 -18 
1491907809776 18 -20 
1491907809813 38 -41 
1491907809836 20 -20 
1491907809857 21 -19 
1491907809877 19 -20 
1491907809893 20 -18 
1491907809915 19 -18 
1491907809936 19 -19 
1491907809952 18 -18 
1491907809975 17 -18 
1491907809996 18 -17 
1491907810017 16 -17 
1491907810033 16 -16 
1491907810056 16 -16 
1491907810077 16 -16 
1491907810093 13 -14 
1491907810116 14 -14 
1491907810137 14 -15 
1491907810153 14 -14 
1491907810176 14 -13 
1491907810197 13 -12 
1491907810213 12 -12 
1491907810236 13 -12 
1491907810257 11 -11 
1491907810273 11 -11 
1491907810296 12 -12 
1491907810316 11 -12 
1491907810332 11 -11 
1491907810355 10 -10 
1491907810376 11 -10 
1491907810392 8 -9 
1491907810415 9 -9 
1491907810436 8 -8 
1491907810457 10 -9 
1491907810473 8 -9 
1491907810496 9 -8 
1491907810517 8 -8 
1491907810533 9 -9 
1491907810556 10 -9 
1491907810577 8 -8 
1491907810582 7 -8 
1491907810614 8 -7 
1491907810636 6 -7 
1491907810657 6 -6 
1491907810673 5 -6 
1491907810696 7 -5 
1491907810717 6 -6 
1491907810733 6 -6 
1491907810756 7 -7 
1491907810777 8 -7 
1491907810792 8 -7 
1491907810815 7 -7 
1491907810836 9 -8 
1491907810852 8 -8 
1491907810875 8 -7 
1491907810896 7 -8 
1491907810917 8 -7 
1491907810933 6 -5 
1491907810955 5 -7 
1491907810976 6 -7 
1491907810997 6 -6 
1491907811013 6 -5 
1491907811036 7 -7 
1491907811057 8 -8 
1491907811073 8 -6 
1491907811096 7 -6 
1491907811117 8 -8 
1491907811133 10 -9 
1491907811156 8 -8 
1491907811177 7 -7 
1491907811193 8 -8 
1491907811216 7 -7 
1491907811237 6 -7 
1491907811253 5 -6 
1491907811276 7 -8 
1491907811296 5 -7 
1491907811312 6 -6 
1491907811335 7 -8 
1491907811356 7 -9 
1491907811377 8 -7 
1491907811393 6 -7 
1491907811415 9 -9 
1491907811436 8 -8 
1491907811457 9 -8 
1491907811473 7 -8 
1491907811496 9 -8 
1491907811517 7 -7 
1491907811533 6 -8 
1491907811556 6 -6 
1491907811577 6 -5 
1491907811593 6 -6 
1491907811616 5 -7 
STOP
1491907811637 5 -7 
1491907811653 7 -6 
STRAIGHT: 3.00000
1491907811676 0 1 
1491907811697 -1 2 
1491907811713 2 -1 
1491907811735 2 0 
1491907811756 1 0 
1491907811762 0 1 
1491907811793 1 1 
1491907811815 2 2 
1491907811836 4 3 
1491907811842 4 2 
1491907811873 5 4 
1491907811896 5 4 
1491907811917 6 6 
1491907811933 6 5 
1491907811956 6 5 
1491907811977 7 7 
1491907811993 9 10 
1491907812016 10 11 
1491907812037 12 11 
1491907812058 12 13 
1491907812074 14 14 
1491907812096 16 17 
1491907812117 18 18 
1491907812133 20 21 
1491907812156 18 19 
1491907812177 19 19 
1491907812198 21 18 
1491907812214 23 22 
1491907812235 23 24 
1491907812256 24 26 
1491907812272 25 24 
1491907812295 25 25 
1491907812316 27 29 
1491907812337 28 29 
1491907812353 29 29 
1491907812376 30 31 
1491907812397 31 32 
1491907812413 33 33 
1491907812436 34 32 
1491907812457 34 34 
1491907812478 36 38 
1491907812494 37 37 
1491907812516 38 38 
1491907812537 38 39 
1491907812553 40 42 
1491907812576 39 40 
1491907812620 88 86 
1491907812636 45 46 
1491907812657 44 45 
1491907812662 47 46 
1491907812695 47 46 
1491907812715 46 47 
1491907812739 45 45 
1491907812773 94 96 
1491907812802 47 47 
1491907812817 45 48 
1491907812834 47 46 
1491907812855 47 47 
1491907812879 48 48 
1491907812897 47 48 
1491907812918 47 47 
1491907812934 47 47 
1491907812956 46 46 
1491907812977 47 46 
1491907812993 48 46 
1491907813016 47 48 
1491907813037 46 49 
1491907813058 47 46 
1491907813074 47 47 
1491907813096 46 46 
1491907813117 48 47 
1491907813133 48 49 
1491907813156 48 48 
1491907813176 48 48 
1491907813192 47 47 
1491907813215 47 47 
1491907813238 47 48 
1491907813257 47 47 
1491907813273 46 48 
1491907813295 46 48 
1491907813316 48 47 
1491907813337 49 49 
1491907813343 48 48 
1491907813374 48 47 
1491907813396 48 47 
1491907813417 47 48 
1491907813433 47 47 
1491907813456 48 46 
1491907813477 48 49 
1491907813498 49 49 
1491907813514 47 48 
1491907813536 47 49 
1491907813557 49 48 
1491907813573 48 48 
1491907813596 48 48 
1491907813617 48 48 
1491907813637 49 49 
1491907813653 48 49 
1491907813675 48 48 
1491907813696 49 47 
1491907813717 48 48 
1491907813733 48 49 
1491907813755 49 50 
1491907813776 48 48 
1491907813797 50 49 
1491907813813 49 48 
1491907813836 49 49 
1491907813857 47 48 
1491907813873 49 48 
1491907813896 47 48 
1491907813917 48 48 
1491907813938 51 50 
1491907813954 52 49 
1491907813976 50 50 
1491907813997 50 50 
1491907814013 48 50 
1491907814036 48 49 
1491907814057 49 49 
1491907814078 50 50 
1491907814094 49 50 
1491907814115 50 50 
1491907814136 49 49 
1491907814152 49 47 
1491907814175 48 48 
1491907814196 49 49 
1491907814217 49 50 
1491907814233 50 50 
1491907814256 49 47 
1491907814277 49 49 
1491907814293 49 51 
1491907814316 50 49 
1491907814337 49 49 
1491907814353 49 50 
1491907814376 50 50 
1491907814397 49 50 
1491907814413 50 49 
1491907814436 50 48 
1491907814457 49 50 
1491907814473 48 50 
1491907814496 50 49 
1491907814517 51 49 
1491907814522 50 50 
1491907814554 50 49 
1491907814596 99 100 
1491907814602 49 49 
1491907814633 48 50 
1491907814655 50 49 
1491907814676 50 50 
1491907814697 50 50 
1491907814713 49 51 
1491907814735 50 49 
1491907814756 51 50 
1491907814777 50 50 
1491907814798 50 52 
1491907814814 50 50 
1491907814836 50 49 
1491907814857 50 50 
1491907814896 99 101 
1491907814917 51 50 
1491907814933 50 49 
1491907814956 50 51 
1491907814977 51 51 
1491907814982 52 50 
1491907815014 51 50 
1491907815035 50 52 
1491907815056 50 50 
1491907815072 49 50 
1491907815095 51 50 
1491907815116 51 51 
1491907815137 50 53 
1491907815153 51 51 
1491907815175 50 50 
1491907815196 51 49 
1491907815217 51 52 
1491907815222 52 52 
1491907815254 51 51 
1491907815276 51 50 
1491907815297 50 49 
1491907815313 50 50 
1491907815336 50 50 
1491907815357 51 51 
1491907815378 51 52 
1491907815394 51 51 
1491907815416 50 51 
1491907815437 51 50 
1491907815453 51 50 
1491907815476 51 51 
1491907815497 50 52 
1491907815513 52 51 
1491907815536 52 51 
1491907815556 51 51 
1491907815577 50 51 
1491907815593 51 50 
1491907815615 50 51 
1491907815636 52 52 
1491907815642 51 50 
1491907815673 52 52 
1491907815696 51 51 
1491907815717 51 51 
1491907815733 50 52 
1491907815756 51 50 
1491907815777 52 51 
1491907815793 50 50 
1491907815816 52 53 
1491907815837 52 52 
1491907815853 52 52 
1491907815876 52 51 
1491907815897 51 51 
1491907815913 51 52 
1491907815936 51 52 
1491907815957 52 51 
1491907815962 52 51 
1491907815994 52 53 
1491907816015 53 51 
1491907816036 51 51 
1491907816052 52 52 
1491907816075 51 52 
1491907816096 52 52 
1491907816117 52 51 
1491907816133 51 52 
1491907816155 51 53 
1491907816176 52 52 
1491907816197 53 51 
1491907816213 52 51 
1491907816236 52 52 
1491907816257 51 53 
1491907816273 52 51 
1491907816296 52 50 
1491907816317 54 54 
1491907816333 51 52 
1491907816356 53 54 
1491907816377 52 51 
1491907816398 52 51 
1491907816414 52 52 
1491907816436 52 53 
1491907816456 53 51 
1491907816472 52 52 
1491907816495 51 52 
1491907816516 52 52 
1491907816537 52 52 
1491907816553 52 52 
1491907816575 52 53 
1491907816596 52 53 
1491907816617 51 52 
1491907816633 53 51 
1491907816655 53 52 
1491907816697 105 106 
1491907816713 51 50 
1491907816736 52 52 
1491907816757 53 53 
1491907816773 54 54 
1491907816796 54 53 
1491907816817 52 53 
1491907816838 52 52 
1491907816854 52 52 
1491907816897 102 102 
1491907816913 51 53 
1491907816936 53 52 
1491907816957 53 53 
1491907816977 55 53 
1491907816993 54 53 
1491907817015 54 54 
1491907817036 52 53 
1491907817052 52 52 
1491907817075 52 53 
1491907817096 53 51 
1491907817117 53 53 
1491907817133 52 53 
1491907817156 53 53 
1491907817177 53 51 
1491907817193 53 51 
1491907817215 52 53 
1491907817236 53 54 
1491907817257 53 53 
1491907817273 53 51 
1491907817296 53 52 
1491907817317 53 54 
1491907817333 52 51 
1491907817356 52 53 
1491907817377 52 52 
1491907817393 52 51 
1491907817416 54 53 
1491907817436 53 53 
1491907817442 52 52 
1491907817473 52 54 
1491907817495 53 52 
1491907817516 53 51 
1491907817532 52 53 
1491907817555 52 53 
1491907817576 52 53 
1491907817597 52 53 
1491907817613 54 53 
1491907817635 52 52 
1491907817656 52 53 
1491907817677 53 53 
1491907817698 53 54 
1491907817714 52 52 
1491907817736 54 52 
1491907817757 54 52 
1491907817773 52 53 
1491907817796 53 54 
1491907817817 53 53 
1491907817838 54 53 
1491907817854 53 53 
1491907817876 52 54 
1491907817896 53 53 
1491907817912 52 52 
1491907817935 53 53 
1491907817956 53 54 
1491907817972 54 53 
1491907817995 54 54 
1491907818016 52 53 
1491907818037 53 53 
1491907818053 53 52 
1491907818075 54 53 
1491907818096 53 54 
1491907818117 52 54 
1491907818138 54 54 
1491907818154 54 52 
1491907818176 52 52 
1491907818197 54 55 
1491907818213 52 53 
1491907818236 54 53 
1491907818257 54 53 
1491907818278 54 54 
1491907818294 53 55 
1491907818315 53 53 
1491907818336 54 53 
1491907818352 53 53 
1491907818375 53 53 
1491907818396 55 54 
1491907818417 54 54 
1491907818433 53 53 
1491907818455 53 54 
1491907818476 54 52 
1491907818482 52 53 
1491907818513 55 54 
1491907818535 53 55 
1491907818556 53 53 
1491907818577 53 54 
1491907818593 54 53 
1491907818616 54 54 
1491907818637 54 55 
1491907818653 52 53 
1491907818676 54 53 
1491907818697 53 53 
1491907818718 56 53 
1491907818734 53 55 
1491907818756 54 53 
1491907818777 54 52 
1491907818793 55 51 
1491907818815 56 55 
1491907818836 55 56 
1491907818857 54 55 
1491907818873 51 52 
1491907818895 50 52 
1491907818916 54 53 
1491907818937 54 52 
1491907818953 55 54 
1491907818975 53 54 
1491907818996 55 53 
1491907819017 54 54 
1491907819033 56 55 
1491907819056 55 56 
1491907819077 54 55 
1491907819093 55 54 
1491907819116 54 54 
1491907819137 52 54 
1491907819158 54 55 
1491907819174 54 54 
1491907819196 55 54 
1491907819217 54 54 
1491907819233 53 53 
1491907819256 54 53 
1491907819277 53 54 
1491907819297 54 55 
1491907819313 53 54 
1491907819335 54 53 
1491907819356 54 53 
1491907819372 54 54 
1491907819395 54 55 
1491907819416 55 55 
1491907819437 55 54 
1491907819453 54 54 
1491907819476 54 53 
1491907819497 53 54 
1491907819513 54 54 
1491907819535 54 54 
1491907819556 55 54 
1491907819577 53 54 
1491907819593 55 55 
1491907819616 53 55 
1491907819637 53 53 
1491907819653 55 54 
1491907819676 55 54 
1491907819697 54 53 
1491907819713 54 55 
1491907819736 55 55 
1491907819756 55 54 
1491907819762 55 53 
1491907819793 53 55 
1491907819815 53 54 
1491907819836 55 54 
1491907819842 55 54 
1491907819873 56 56 
1491907819896 55 55 
1491907819917 54 55 
1491907819933 54 54 
1491907819955 53 53 
1491907819976 54 54 
1491907819997 55 54 
1491907820002 55 56 
1491907820034 54 55 
1491907820056 54 55 
1491907820077 56 54 
1491907820093 53 54 
1491907820116 55 55 
1491907820137 55 55 
1491907820158 55 55 
1491907820174 55 53 
1491907820196 54 56 
1491907820216 55 54 
1491907820232 53 54 
1491907820255 55 54 
1491907820276 54 54 
1491907820292 55 56 
1491907820315 55 55 
1491907820336 55 54 
1491907820357 53 55 
1491907820373 55 55 
1491907820395 55 53 
1491907820416 55 55 
1491907820437 54 54 
1491907820453 54 55 
1491907820476 55 55 
1491907820497 56 54 
1491907820513 54 55 
1491907820536 55 56 
1491907820557 54 54 
1491907820573 54 54 
1491907820596 54 55 
1491907820617 55 54 
1491907820633 54 55 
1491907820655 56 56 
1491907820676 54 54 
1491907820692 56 54 
1491907820715 55 55 
1491907820736 55 57 
1491907820757 54 55 
1491907820773 55 54 
1491907820795 54 54 
1491907820816 55 54 
1491907820837 55 56 
1491907820853 56 55 
1491907820875 55 56 
1491907820917 110 110 
1491907820933 55 54 
1491907820956 54 56 
1491907820977 55 56 
1491907820993 55 55 
1491907821016 55 53 
1491907821037 55 56 
1491907821053 55 55 
1491907821075 54 57 
1491907821096 56 54 
1491907821112 55 53 
1491907821135 55 56 
1491907821156 55 55 
1491907821177 56 56 
1491907821193 55 55 
1491907821215 55 55 
1491907821236 56 56 
1491907821241 54 55 
1491907821273 55 54 
1491907821295 55 56 
1491907821316 56 55 
1491907821337 55 56 
1491907821353 55 54 
1491907821376 55 56 
1491907821397 54 55 
1491907821413 55 55 
1491907821436 55 54 
1491907821457 55 55 
1491907821478 57 57 
1491907821494 55 55 
1491907821516 55 56 
1491907821537 55 55 
1491907821553 56 55 
1491907821575 57 53 
1491907821596 56 55 
1491907821617 53 55 
1491907821633 57 55 
1491907821655 56 56 
1491907821676 57 57 
1491907821692 55 57 
1491907821715 57 56 
1491907821736 56 55 
1491907821757 57 57 
1491907821773 55 56 
1491907821796 55 56 
1491907821817 56 52 
1491907821833 55 54 
1491907821856 55 56 
1491907821877 54 56 
1491907821898 54 55 
1491907821914 55 55 
1491907821936 55 55 
1491907821957 55 56 
1491907821973 56 56 
1491907821995 56 57 
1491907822016 56 56 
1491907822032 56 55 
1491907822055 59 56 
1491907822076 58 57 
1491907822082 58 57 
1491907822113 55 56 
1491907822135 53 52 
1491907822156 53 53 
1491907822162 54 55 
1491907822193 55 54 
1491907822216 55 56 
1491907822237 55 55 
1491907822253 56 55 
1491907822275 54 56 
1491907822296 56 56 
1491907822317 56 55 
1491907822338 57 57 
1491907822354 56 56 
1491907822397 112 112 
1491907822436 109 109 
1491907822456 55 55 
1491907822477 57 55 
1491907822493 55 56 
1491907822515 56 55 
1491907822536 55 56 
1491907822552 55 53 
1491907822575 56 57 
1491907822596 56 56 
1491907822612 55 57 
1491907822635 56 56 
1491907822656 55 56 
1491907822677 57 55 
1491907822693 55 56 
1491907822715 56 56 
1491907822736 55 56 
1491907822757 56 56 
1491907822762 56 55 
1491907822794 56 55 
1491907822816 56 56 
1491907822837 56 58 
1491907822876 112 109 
1491907822897 54 58 
1491907822918 56 57 
1491907822933 57 56 
1491907822955 56 56 
1491907822976 56 55 
1491907822992 55 56 
1491907823015 56 55 
1491907823036 56 56 
1491907823057 56 57 
1491907823073 56 55 
1491907823095 56 56 
1491907823122 110 110 
1491907823153 55 56 
1491907823175 56 54 
1491907823196 55 55 
1491907823217 56 57 
1491907823233 56 57 
1491907823256 56 56 
1491907823277 55 56 
1491907823293 57 57 
1491907823316 56 56 
1491907823337 56 56 
1491907823358 56 56 
1491907823374 56 55 
1491907823395 56 56 
1491907823416 56 55 
1491907823432 55 56 
1491907823455 55 56 
1491907823476 56 55 
1491907823497 58 57 
1491907823513 55 57 
1491907823556 111 112 
1491907823593 111 111 
1491907823615 57 57 
1491907823636 57 57 
1491907823657 56 56 
1491907823673 56 55 
1491907823696 56 56 
1491907823717 56 56 
1491907823733 56 56 
1491907823756 56 57 
1491907823777 56 55 
1491907823798 57 56 
1491907823814 56 55 
1491907823835 56 57 
1491907823856 56 56 
1491907823872 57 57 
1491907823895 57 54 
1491907823916 56 57 
1491907823937 57 57 
1491907823953 55 55 
1491907823975 55 53 
1491907823996 56 55 
1491907824012 57 57 
1491907824035 55 56 
1491907824056 55 56 
1491907824077 54 56 
1491907824093 56 55 
1491907824115 56 55 
1491907824136 57 58 
1491907824157 56 56 
1491907824173 57 56 
1491907824195 57 57 
1491907824216 58 57 
1491907824237 56 57 
1491907824253 56 58 
1491907824276 55 56 
1491907824296 55 55 
1491907824312 55 53 
1491907824335 54 54 
1491907824356 53 53 
1491907824377 53 55 
1491907824393 52 51 
1491907824415 53 50 
1491907824436 51 50 
1491907824452 50 52 
1491907824475 49 50 
1491907824496 48 48 
1491907824517 46 47 
1491907824533 47 46 
1491907824555 47 47 
1491907824576 46 47 
1491907824597 46 45 
1491907824613 45 45 
1491907824635 44 43 
1491907824677 79 83 
1491907824693 41 38 
1491907824716 44 43 
1491907824737 44 45 
1491907824752 42 44 
1491907824775 41 40 
1491907824796 41 37 
1491907824812 41 41 
1491907824835 40 40 
1491907824856 38 39 
1491907824872 36 36 
1491907824895 37 36 
1491907824916 36 36 
1491907824937 35 36 
1491907824953 33 34 
1491907824975 34 33 
1491907824996 33 34 
1491907825017 33 33 
1491907825033 32 33 
1491907825055 33 33 
1491907825076 32 32 
1491907825097 33 33 
1491907825136 63 62 
1491907825157 31 31 
1491907825173 30 29 
1491907825196 30 31 
1491907825216 29 27 
1491907825237 29 29 
1491907825253 28 30 
1491907825275 27 29 
1491907825296 28 25 
1491907825312 27 26 
1491907825335 28 28 
1491907825356 25 27 
1491907825377 25 24 
1491907825393 27 25 
1491907825415 25 26 
1491907825436 24 26 
1491907825441 24 24 
1491907825473 24 23 
1491907825495 24 24 
1491907825516 23 25 
1491907825537 22 22 
1491907825553 23 21 
1491907825576 22 23 
1491907825597 22 24 
1491907825613 21 21 
1491907825636 22 21 
1491907825657 21 20 
1491907825677 21 22 
1491907825693 21 22 
1491907825715 20 21 
1491907825736 20 20 
1491907825752 18 17 
1491907825775 19 19 
1491907825796 20 20 
1491907825817 19 21 
1491907825833 18 18 
1491907825855 17 16 
1491907825876 18 17 
1491907825892 19 18 
1491907825915 17 19 
1491907825936 18 16 
1491907825957 16 16 
1491907825973 16 16 
1491907825995 16 16 
1491907826016 17 16 
1491907826037 17 18 
1491907826053 16 17 
1491907826075 14 16 
1491907826096 14 13 
1491907826117 14 12 
1491907826133 15 13 
1491907826156 16 16 
1491907826176 16 16 
1491907826192 16 16 
1491907826215 14 14 
1491907826236 12 12 
1491907826257 13 12 
1491907826273 13 13 
1491907826295 15 13 
1491907826316 15 15 
1491907826332 14 14 
1491907826355 12 13 
1491907826376 12 12 
1491907826397 10 11 
1491907826413 12 10 
1491907826435 12 12 
1491907826456 13 11 
1491907826477 13 12 
1491907826493 12 13 
1491907826515 10 11 
1491907826536 9 11 
1491907826557 10 10 
1491907826573 11 9 
1491907826596 10 10 
1491907826616 11 9 
1491907826632 10 11 
1491907826655 11 10 
1491907826676 11 11 
1491907826692 10 10 
1491907826715 10 10 
1491907826736 10 10 
1491907826752 10 10 
1491907826775 9 10 
1491907826796 10 10 
1491907826812 10 10 
1491907826835 10 10 
1491907826856 10 9 
1491907826877 11 10 
1491907826893 10 10 
1491907826936 20 21 
1491907826957 10 10 
1491907826973 10 10 
1491907826996 9 10 
1491907827017 10 9 
1491907827033 10 9 
1491907827055 10 10 
1491907827076 10 10 
1491907827097 10 11 
1491907827118 10 10 
ROTATE: 1.57080
1491907827133 0 0 
1491907827155 -2 -1 
1491907827176 0 1 
1491907827192 0 0 
1491907827215 1 0 
1491907827236 0 0 
1491907827257 4 0 
1491907827273 3 -1 
1491907827316 7 -6 
1491907827332 5 -4 
1491907827355 6 -3 
1491907827381 12 -15 
1491907827413 6 -11 
1491907827436 6 -10 
1491907827457 9 -11 
1491907827473 9 -10 
1491907827496 12 -12 
1491907827517 16 -12 
1491907827533 17 -14 
1491907827556 19 -18 
1491907827576 20 -20 
1491907827592 18 -19 
1491907827615 19 -20 
1491907827636 21 -19 
1491907827652 20 -18 
1491907827675 19 -17 
1491907827696 18 -20 
1491907827712 16 -19 
1491907827735 16 -18 
1491907827756 17 -17 
1491907827772 16 -17 
1491907827795 16 -18 
1491907827816 16 -19 
1491907827837 15 -19 
1491907827853 17 -18 
1491907827876 18 -19 
1491907827897 18 -16 
1491907827913 18 -17 
1491907827935 18 -18 
1491907827956 18 -20 
1491907827977 18 -19 
1491907827998 21 -18 
1491907828014 21 -17 
1491907828035 20 -18 
1491907828056 18 -20 
1491907828072 18 -19 
1491907828095 18 -19 
1491907828116 19 -19 
1491907828137 20 -17 
1491907828153 18 -18 
1491907828175 18 -20 
1491907828196 17 -20 
1491907828212 19 -20 
1491907828235 19 -17 
1491907828256 19 -17 
1491907828277 20 -18 
1491907828293 19 -19 
1491907828315 19 -19 
1491907828336 19 -19 
1491907828357 20 -16 
1491907828373 19 -19 
1491907828395 19 -20 
1491907828416 19 -19 
1491907828437 19 -20 
1491907828453 19 -18 
1491907828476 19 -18 
1491907828496 19 -19 
1491907828513 19 -18 
1491907828535 18 -20 
1491907828556 18 -20 
1491907828577 21 -18 
1491907828593 20 -17 
1491907828615 19 -19 
1491907828636 19 -18 
1491907828652 19 -21 
1491907828675 20 -20 
1491907828696 20 -19 
1491907828717 20 -19 
1491907828733 20 -17 
1491907828755 18 -21 
1491907828776 19 -21 
1491907828792 19 -18 
1491907828815 20 -17 
1491907828836 19 -19 
1491907828857 20 -20 
1491907828873 18 -19 
1491907828896 19 -19 
1491907828917 20 -19 
1491907828933 20 -19 
1491907828955 20 -18 
1491907828976 18 -19 
1491907828997 18 -20 
1491907829013 19 -17 
1491907829035 17 -17 
1491907829056 17 -16 
1491907829072 15 -15 
1491907829095 16 -17 
1491907829116 14 -17 
1491907829132 15 -13 
1491907829155 15 -13 
1491907829176 16 -13 
1491907829192 15 -14 
1491907829215 13 -14 
1491907829236 11 -13 
1491907829252 11 -14 
1491907829275 13 -13 
1491907829296 14 -10 
1491907829317 12 -10 
1491907829333 12 -10 
1491907829355 11 -12 
1491907829376 10 -12 
1491907829397 10 -10 
1491907829413 9 -11 
1491907829436 11 -10 
1491907829457 9 -10 
1491907829473 10 -9 
1491907829496 10 -9 
1491907829516 10 -8 
1491907829532 9 -7 
1491907829555 8 -6 
1491907829576 7 -9 
1491907829592 8 -9 
1491907829615 9 -7 
1491907829636 7 -7 
1491907829652 8 -7 
1491907829675 7 -8 
1491907829696 6 -8 
1491907829712 6 -7 
1491907829735 7 -7 
1491907829756 7 -6 
1491907829777 6 -6 
1491907829793 6 -5 
1491907829815 7 -6 
1491907829836 7 -6 
1491907829857 6 -5 
1491907829873 8 -6 
1491907829896 7 -7 
1491907829933 16 -13 
1491907829956 6 -6 
1491907829976 8 -8 
1491907829992 7 -7 
1491907830015 5 -6 
1491907830036 6 -8 
1491907830052 8 -8 
1491907830075 6 -6 
1491907830096 7 -6 
1491907830112 7 -7 
1491907830135 9 -7 
1491907830156 7 -6 
1491907830162 7 -5 
1491907830193 8 -6 
1491907830215 8 -8 
1491907830236 7 -6 
1491907830241 5 -6 
1491907830273 7 -6 
1491907830295 6 -7 
1491907830316 6 -6 
1491907830337 5 -6 
1491907830353 7 -7 
1491907830375 8 -9 
1491907830396 9 -7 
1491907830417 8 -6 
1491907830432 8 -6 
1491907830455 10 -7 
1491907830476 7 -7 
1491907830492 7 -6 
1491907830515 7 -7 
1491907830536 7 -8 
1491907830552 8 -7 
1491907830575 6 -6 
1491907830596 8 -7 
1491907830612 8 -8 
1491907830635 7 -7 
1491907830656 7 -7 
1491907830672 8 -8 
1491907830695 8 -9 
STOP
1491907830716 8 -6 
1491907830737 4 -4 
1491907830753 -1 2 
